# h logA n_s omega_b omega_cdm tau_reio A_planck calib_100T calib_217T A_cib_217 xi_sz_cib A_sz ksz_norm gal545_A_100 gal545_A_143 gal545_A_143_217 gal545_A_217 ps_A_100_100 ps_A_143_143 ps_A_143_217 ps_A_217_217 galf_TE_A_100 galf_TE_A_100_143 galf_TE_A_100_217 galf_TE_A_143 galf_TE_A_143_217 galf_TE_A_217
1.562474454283748995e-05 1.239946683649042870e-05 8.586568391485639021e-06 2.646055485048062607e-07 -3.368775374244452936e-06 8.818932655088810497e-06 1.093934726384675983e-06 3.493093738160414521e-08 4.676311791133759832e-08 -8.505991783141549512e-04 1.837211629043091133e-05 3.033690296617287500e-04 -4.642960745452552238e-04 -8.487950070456918097e-05 -2.982094733827580387e-05 3.649229159601150474e-04 1.034663913430156285e-03 -2.156117752345321388e-03 -2.168686217499114170e-03 -7.915528496657143597e-04 -5.066906789696840128e-05 7.129076543873655400e-07 -2.640492163698335903e-06 -9.783426074884928656e-08 -6.773203780555321956e-06 -6.986626329293201572e-06 -5.374443349182314535e-05
1.239946683649042870e-05 1.992763448022629889e-04 8.968182130016247929e-06 2.976943987512133310e-07 -2.509720426629865201e-06 9.167230890028582905e-05 1.019674704220562773e-05 3.168925797517152086e-09 1.191822763114136053e-07 -4.452800075592587559e-03 3.759746987638514166e-05 7.985193782362221037e-04 -2.179074816024659331e-03 -7.991380252826199831e-04 -3.126491827644378827e-04 2.396554138364650913e-04 4.619585468360277482e-03 -6.564795695490271282e-03 -2.884068011134520871e-03 2.232928086275518757e-03 8.289660386609920203e-03 -6.119988278803267494e-06 -2.657923009192196781e-06 -2.463026978394117438e-06 -5.624163138393407190e-06 -2.670376970097434604e-06 -3.708192891189622119e-05
8.586568391485639021e-06 8.968182130016247929e-06 1.407420971623457302e-05 1.000450766045163943e-07 -2.009491943311791224e-06 7.043928283848896224e-06 7.137997526576336270e-07 -9.137082991461145245e-08 -6.987795612070310618e-08 -4.100922462247020076e-03 7.794606639715815949e-05 9.918952598542362352e-04 -2.369251636313776579e-03 2.902417247758122304e-04 -1.809292080333951185e-04 5.618145173335137809e-05 1.684335766353288900e-03 -2.141126444993195557e-02 -5.161627675042980944e-03 2.129372400772605242e-03 5.331694310627345564e-03 -9.185411963464822307e-07 -8.710931333292932528e-07 1.671862231091264342e-06 -4.348214680966352817e-06 5.728690774045714881e-06 -2.644225779240785850e-05
2.646055485048062607e-07 2.976943987512133310e-07 1.000450766045163943e-07 1.360067787834667512e-08 -3.666249915601696848e-08 1.417399327258637348e-07 1.778888121881119210e-08 2.170436290984655142e-09 1.033556564662656511e-09 -5.994372524917471288e-05 1.203995438861690644e-06 1.290200451669193969e-05 -2.862459092723055489e-05 -4.573028247111394747e-06 -6.304700532344415229e-06 2.477996767694568770e-06 3.018956268811748002e-05 -1.555595635113320987e-04 -1.210906066983457311e-04 -3.067198130535146261e-05 2.456938932817294297e-05 7.182699449427666964e-09 -9.453171519848222706e-08 -7.961221892839915233e-08 -2.652116161475916425e-07 -4.967977345410779637e-07 -1.440537560393144304e-06
-3.368775374244452936e-06 -2.509720426629865201e-06 -2.009491943311791224e-06 -3.666249915601696848e-08 8.334283329078407048e-07 -2.023731798488394262e-06 -2.540460546856356445e-07 -5.081237732785406783e-09 -7.497308227963113452e-09 9.476367094631651825e-05 -1.396211394837221455e-06 -4.637355043070332715e-05 6.193713973497883701e-05 1.376910716642479588e-06 8.997076770667646639e-07 -7.858703107469923563e-05 -1.967073742553770543e-04 1.937354771323089239e-04 3.153550527268439603e-04 1.686414352520153922e-04 8.833725042110578596e-05 5.858344020003254517e-08 3.366676373968410909e-07 -1.991726193458226946e-07 1.283903639342531304e-06 6.709962025686107824e-07 9.988605968939072405e-06
8.818932655088810497e-06 9.167230890028582905e-05 7.043928283848896224e-06 1.417399327258637348e-07 -2.023731798488394262e-06 4.967491648862935129e-05 -9.869240793257479329e-07 -5.213012305539761616e-08 4.626859769462120983e-08 -2.434785841119251146e-03 2.660584622111268263e-06 3.787612671268253536e-04 -7.299094855613722996e-04 -3.083891618230887336e-04 1.537339565939491810e-04 4.092040803585496019e-04 1.637755291166949779e-03 -4.342519071104267853e-03 -2.637548909788536584e-03 -7.103055715621433685e-04 1.303273959522024961e-03 -3.545317366051132268e-06 -1.770867106526602460e-06 1.975037354906710143e-06 -2.319538403422132058e-06 -1.363570408439445958e-06 -4.267423391509109155e-05
1.093934726384675983e-06 1.019674704220562773e-05 7.137997526576336270e-07 1.778888121881119210e-08 -2.540460546856356445e-07 -9.869240793257479329e-07 6.393069876272926965e-06 -1.023817838796278440e-08 1.347426622480708791e-08 8.647521302166512542e-04 -6.163656465779087252e-06 9.674149211883839735e-05 -1.137461879671198607e-04 7.760350254440514671e-05 -2.930724347523621103e-05 1.986988595001574484e-05 8.305940467627638372e-04 2.323089738452274993e-03 7.030039446488147966e-04 7.714870044353561163e-04 1.319476525147736043e-03 4.165223689967029682e-07 4.083304862324187141e-07 -3.070065757295948893e-06 -1.692478774124510427e-06 8.664807125606109822e-07 1.035547588210095253e-05
3.493093738160414521e-08 3.168925797517152086e-09 -9.137082991461145245e-08 2.170436290984655142e-09 -5.081237732785406783e-09 -5.213012305539761616e-08 -1.023817838796278440e-08 3.671819382509240597e-07 -1.862709640916015800e-09 -1.139705493472109582e-04 6.393916608876925580e-06 1.155629821433558357e-04 -7.928411869183165392e-05 1.513503557068678702e-04 -2.135436029499175451e-04 -6.295639689324834039e-05 -5.043238519599977916e-05 3.536323116682622402e-03 1.403953797718237705e-04 5.502824754369145836e-04 4.298164056639567103e-04 1.266561627615279339e-07 2.577520811420110758e-07 7.709678523136122194e-07 -7.781284006488998837e-08 1.966961572038443189e-08 1.909385318736460191e-06
4.676311791133759832e-08 1.191822763114136053e-07 -6.987795612070310618e-08 1.033556564662656511e-09 -7.497308227963113452e-09 4.626859769462120983e-08 1.347426622480708791e-08 -1.862709640916015800e-09 4.001939968849695169e-07 6.741830535011577880e-04 3.299427098246882106e-06 -3.723551582769995611e-05 1.441898415473141829e-05 -2.755328596684618276e-06 -3.248601721919456962e-05 4.406010939830783102e-04 1.028890188021579178e-03 3.358570557357649141e-04 1.259076946200748915e-04 -3.165046835407689125e-04 -1.342382190207350558e-03 2.738584206446286850e-07 5.730348586867205106e-07 7.783920032028676041e-07 3.446486467585149380e-08 -9.580407590810622392e-07 6.122728263666810362e-07
-8.505991783141549512e-04 -4.452800075592587559e-03 -4.100922462247020076e-03 -5.994372524917469932e-05 9.476367094631651825e-05 -2.434785841119251146e-03 8.647521302166512542e-04 -1.139705493472109582e-04 6.741830535011577880e-04 4.324399978842042458e+01 -3.621538505944821296e-01 -9.879646859487287713e-01 -2.129560195786816823e-01 1.751289688958970747e-01 2.101893064254163612e-01 -5.869333680150441879e+00 -3.244002213507906873e+01 3.519994274167615345e+01 3.302701407785115784e+00 -1.191648383380296394e+01 -5.309786682996730889e+01 -1.233506369124214366e-03 -3.300524359693917439e-03 -1.037740589900253488e-02 -5.234015183053785519e-03 -1.361873881068379963e-02 -6.265705554650872859e-03
1.837211629043091133e-05 3.759746987638514843e-05 7.794606639715815949e-05 1.203995438861690644e-06 -1.396211394837221666e-06 2.660584622111273345e-06 -6.163656465779087252e-06 6.393916608876925580e-06 3.299427098246880835e-06 -3.621538505944821296e-01 8.183239318956012087e-02 -4.908578802627375226e-02 5.538077758302106801e-02 -1.252490136330863986e-02 6.387330150702742043e-03 9.557581063165239421e-02 1.145099191474643341e-01 -4.391851079964640414e-01 8.909507539951181387e-01 1.646334118687154513e+00 5.690337936545525332e-01 3.188749924724563741e-05 1.528841642577956198e-04 3.970600320255560588e-04 5.484557938846185729e-05 2.119239499673460691e-05 5.234854672162128414e-04
3.033690296617287500e-04 7.985193782362223205e-04 9.918952598542362352e-04 1.290200451669193969e-05 -4.637355043070332715e-05 3.787612671268252994e-04 9.674149211883838380e-05 1.155629821433558086e-04 -3.723551582769995611e-05 -9.879646859487287713e-01 -4.908578802627375226e-02 4.008600296040769173e+00 -2.882637895167871278e+00 -2.550796385364050289e-01 1.060209213762067643e-01 2.780155210050927916e+00 3.582317046496910518e+00 -3.173301502408794050e+01 -3.106925601415478688e+00 8.018425947604622905e+00 5.857240676441189287e+00 -1.576498177994899868e-04 -4.774837939364171609e-04 9.412853731782585155e-04 -3.988548340387730769e-03 2.618753347882534551e-03 4.552431469946671000e-03
-4.642960745452552780e-04 -2.179074816024659331e-03 -2.369251636313776579e-03 -2.862459092723055150e-05 6.193713973497885056e-05 -7.299094855613722996e-04 -1.137461879671198607e-04 -7.928411869183165392e-05 1.441898415473140643e-05 -2.129560195786816545e-01 5.538077758302106107e-02 -2.882637895167871278e+00 6.203120482277410197e+00 1.578260511177108916e-01 -2.099987306413515498e-01 -2.335397200745191526e+00 -2.638017297117598581e+00 1.370137866180003172e+01 -5.464789477143004781e+00 -1.227707834408696996e+01 -9.807097501958882191e+00 1.727857656972654407e-03 2.319273266330613981e-03 -8.990167856722604180e-04 5.748478159328778044e-03 -2.566764442890560188e-03 -8.655877331954865694e-03
-8.487950070456918097e-05 -7.991380252826199831e-04 2.902417247758122304e-04 -4.573028247111394747e-06 1.376910716642485518e-06 -3.083891618230887336e-04 7.760350254440516026e-05 1.513503557068678702e-04 -2.755328596684618700e-06 1.751289688958971580e-01 -1.252490136330863986e-02 -2.550796385364050289e-01 1.578260511177108638e-01 3.285707035654886088e+00 6.263510803487364331e-01 2.084954847277213363e-01 1.548136364364673667e-01 -5.687957099154917984e+00 -5.018839825456747894e-01 -1.105324610835714871e+00 -5.981050254429152169e-01 -8.330985955022551445e-04 8.659564416958178074e-04 -1.589255878563219926e-03 8.620427569022791998e-05 1.106216300603203280e-03 -7.306935935253451586e-03
-2.982094733827580387e-05 -3.126491827644379369e-04 -1.809292080333951185e-04 -6.304700532344415229e-06 8.997076770667638169e-07 1.537339565939491810e-04 -2.930724347523621441e-05 -2.135436029499175451e-04 -3.248601721919456962e-05 2.101893064254163612e-01 6.387330150702742911e-03 1.060209213762067781e-01 -2.099987306413515220e-01 6.263510803487364331e-01 3.121593286852374138e+00 2.696488609790055335e+00 2.888087559829191520e+00 4.806178785942321063e+00 -1.318516387574509841e+00 -8.783579318478275111e-01 -9.087845884014369435e-01 1.393696084358568132e-03 -3.973399974538630746e-04 4.750613789431629109e-04 -1.021569331383433230e-03 -2.719295443352315843e-03 -4.673932394087260546e-04
3.649229159601150474e-04 2.396554138364651997e-04 5.618145173335134420e-05 2.477996767694568346e-06 -7.858703107469923563e-05 4.092040803585495477e-04 1.986988595001575839e-05 -6.295639689324834039e-05 4.406010939830783102e-04 -5.869333680150441879e+00 9.557581063165239421e-02 2.780155210050927916e+00 -2.335397200745191526e+00 2.084954847277213363e-01 2.696488609790055335e+00 1.100557295688801496e+01 1.966437541860059923e+01 -1.495415908141961481e+01 3.119667525413508002e+00 4.737781642342011601e+00 5.548874832751591768e+00 1.324026138244095707e-03 1.979959421103545582e-03 4.440157570873359133e-03 -1.825456096425450998e-03 -2.883208959716464671e-03 3.024050719321777839e-03
1.034663913430156502e-03 4.619585468360277482e-03 1.684335766353288900e-03 3.018956268811748340e-05 -1.967073742553770814e-04 1.637755291166949779e-03 8.305940467627638372e-04 -5.043238519599977239e-05 1.028890188021579178e-03 -3.244002213507906873e+01 1.145099191474643341e-01 3.582317046496910518e+00 -2.638017297117598581e+00 1.548136364364673667e-01 2.888087559829191520e+00 1.966437541860059923e+01 5.380709713637793357e+01 -2.806265345602708905e+01 2.838713436932181367e+00 7.367035198332598789e+00 3.208301037422145185e+01 3.116948333554399840e-03 4.747400708785240279e-03 1.411034004712545531e-02 6.848240391458672131e-04 1.840344279074072008e-04 1.829306342835335586e-03
-2.156117752345321388e-03 -6.564795695490271282e-03 -2.141126444993195557e-02 -1.555595635113320987e-04 1.937354771323089239e-04 -4.342519071104267853e-03 2.323089738452274993e-03 3.536323116682622402e-03 3.358570557357649141e-04 3.519994274167615345e+01 -4.391851079964640414e-01 -3.173301502408794050e+01 1.370137866180003172e+01 -5.687957099154917984e+00 4.806178785942321063e+00 -1.495415908141961481e+01 -2.806265345602708905e+01 7.884017785230587378e+02 6.994058225670913487e+01 -5.377660190862841461e+01 -6.005414849739401717e+01 -8.190950170055099136e-03 -7.816091326331346331e-03 1.964681299375140369e-02 3.645721011528264138e-02 -3.357467344501917361e-02 -3.583045180666157709e-02
-2.168686217499113736e-03 -2.884068011134520871e-03 -5.161627675042980944e-03 -1.210906066983457311e-04 3.153550527268439603e-04 -2.637548909788536584e-03 7.030039446488147966e-04 1.403953797718237705e-04 1.259076946200748915e-04 3.302701407785116228e+00 8.909507539951182498e-01 -3.106925601415478688e+00 -5.464789477143004781e+00 -5.018839825456749004e-01 -1.318516387574509841e+00 3.119667525413508002e+00 2.838713436932181367e+00 6.994058225670913487e+01 5.926422890355888029e+01 3.844479297781747817e+01 1.289440336915804153e+01 -2.753195894519363477e-03 -1.358940745703598151e-03 -8.470132165766145827e-04 4.572447801235116766e-04 -7.135363785097453230e-04 2.950899174927231264e-02
-7.915528496657141429e-04 2.232928086275518757e-03 2.129372400772604808e-03 -3.067198130535146261e-05 1.686414352520153922e-04 -7.103055715621431516e-04 7.714870044353561163e-04 5.502824754369145836e-04 -3.165046835407689125e-04 -1.191648383380296394e+01 1.646334118687154513e+00 8.018425947604622905e+00 -1.227707834408696996e+01 -1.105324610835714871e+00 -8.783579318478275111e-01 4.737781642342011601e+00 7.367035198332597901e+00 -5.377660190862841461e+01 3.844479297781747817e+01 8.380684733402786435e+01 5.164412714654927328e+01 -2.277934892690901356e-03 -2.907754098083903654e-03 1.112008473118005110e-02 -9.962607949121415202e-03 1.879914626575874756e-02 6.358246330124682488e-02
-5.066906789696840128e-05 8.289660386609920203e-03 5.331694310627345564e-03 2.456938932817294297e-05 8.833725042110578596e-05 1.303273959522024961e-03 1.319476525147736043e-03 4.298164056639566018e-04 -1.342382190207350558e-03 -5.309786682996730889e+01 5.690337936545525332e-01 5.857240676441189287e+00 -9.807097501958882191e+00 -5.981050254429151058e-01 -9.087845884014369435e-01 5.548874832751591768e+00 3.208301037422145185e+01 -6.005414849739401717e+01 1.289440336915804153e+01 5.164412714654927328e+01 1.016215553611739892e+02 -3.269899025336718123e-03 -1.638341113601764253e-03 1.191091135402156526e-02 -4.472194056786424170e-03 3.770832702966832317e-02 6.731708651042436764e-02
7.129076543873655400e-07 -6.119988278803269188e-06 -9.185411963464827601e-07 7.182699449427687643e-09 5.858344020003271723e-08 -3.545317366051133115e-06 4.165223689967028623e-07 1.266561627615279604e-07 2.738584206446286320e-07 -1.233506369124214366e-03 3.188749924724565773e-05 -1.576498177994901224e-04 1.727857656972654190e-03 -8.330985955022551445e-04 1.393696084358568565e-03 1.324026138244095490e-03 3.116948333554399840e-03 -8.190950170055100871e-03 -2.753195894519363043e-03 -2.277934892690901356e-03 -3.269899025336718990e-03 1.465519060551491535e-03 2.414733535656692521e-04 1.434023195135935549e-04 -3.882964035843641131e-04 -1.390843494214845974e-04 -1.483418364470307470e-04
-2.640492163698336327e-06 -2.657923009192195934e-06 -8.710931333292932528e-07 -9.453171519848224029e-08 3.366676373968410909e-07 -1.770867106526602248e-06 4.083304862324187141e-07 2.577520811420110228e-07 5.730348586867206165e-07 -3.300524359693918740e-03 1.528841642577956469e-04 -4.774837939364177030e-04 2.319273266330613981e-03 8.659564416958178074e-04 -3.973399974538630746e-04 1.979959421103545582e-03 4.747400708785240279e-03 -7.816091326331348066e-03 -1.358940745703597283e-03 -2.907754098083901485e-03 -1.638341113601764903e-03 2.414733535656692521e-04 8.586020507620879772e-04 6.220699852451378581e-05 7.345491951176140455e-04 2.976890832068782995e-05 -6.496375971882751774e-04
-9.783426074884883657e-08 -2.463026978394116591e-06 1.671862231091264130e-06 -7.961221892839924497e-08 -1.991726193458226417e-07 1.975037354906708873e-06 -3.070065757295948893e-06 7.709678523136123253e-07 7.783920032028676041e-07 -1.037740589900253488e-02 3.970600320255560588e-04 9.412853731782587323e-04 -8.990167856722605265e-04 -1.589255878563219492e-03 4.750613789431621520e-04 4.440157570873359133e-03 1.411034004712545531e-02 1.964681299375140022e-02 -8.470132165766153416e-04 1.112008473118005630e-02 1.191091135402156699e-02 1.434023195135935278e-04 6.220699852451378581e-05 7.063748597219191537e-03 -2.908176010147498674e-04 6.282361799065254481e-04 4.156968414626207968e-03
-6.773203780555322803e-06 -5.624163138393409731e-06 -4.348214680966352817e-06 -2.652116161475916425e-07 1.283903639342531304e-06 -2.319538403422131211e-06 -1.692478774124510427e-06 -7.781284006489001484e-08 3.446486467585169233e-08 -5.234015183053785519e-03 5.484557938846199281e-05 -3.988548340387730769e-03 5.748478159328778044e-03 8.620427569022785222e-05 -1.021569331383433230e-03 -1.825456096425451431e-03 6.848240391458655868e-04 3.645721011528264138e-02 4.572447801235107550e-04 -9.962607949121411732e-03 -4.472194056786423302e-03 -3.882964035843640589e-04 7.345491951176140455e-04 -2.908176010147498674e-04 2.844950980351285130e-03 4.855819294818283218e-04 -9.428751673223633497e-04
-6.986626329293201572e-06 -2.670376970097433757e-06 5.728690774045714034e-06 -4.967977345410779637e-07 6.709962025686107824e-07 -1.363570408439446382e-06 8.664807125606107704e-07 1.966961572038443189e-08 -9.580407590810622392e-07 -1.361873881068379963e-02 2.119239499673455609e-05 2.618753347882535418e-03 -2.566764442890560622e-03 1.106216300603203280e-03 -2.719295443352314975e-03 -2.883208959716464671e-03 1.840344279074069298e-04 -3.357467344501916667e-02 -7.135363785097436967e-04 1.879914626575875103e-02 3.770832702966833011e-02 -1.390843494214845974e-04 2.976890832068782657e-05 6.282361799065255565e-04 4.855819294818283218e-04 6.450512476852265399e-03 8.142953262454987948e-03
-5.374443349182314535e-05 -3.708192891189622797e-05 -2.644225779240785850e-05 -1.440537560393144304e-06 9.988605968939072405e-06 -4.267423391509107800e-05 1.035547588210095253e-05 1.909385318736460191e-06 6.122728263666810362e-07 -6.265705554650872859e-03 5.234854672162130582e-04 4.552431469946671000e-03 -8.655877331954858755e-03 -7.306935935253451586e-03 -4.673932394087263256e-04 3.024050719321776971e-03 1.829306342835335586e-03 -3.583045180666157709e-02 2.950899174927232305e-02 6.358246330124682488e-02 6.731708651042436764e-02 -1.483418364470308012e-04 -6.496375971882751774e-04 4.156968414626207968e-03 -9.428751673223634581e-04 8.142953262454987948e-03 7.188772023932012145e-02
