# h logA n_s omega_b omega_cdm tau_reio A_planck calib_100T calib_217T A_cib_217 xi_sz_cib A_sz ksz_norm gal545_A_100 gal545_A_143 gal545_A_143_217 gal545_A_217 ps_A_100_100 ps_A_143_143 ps_A_143_217 ps_A_217_217 galf_TE_A_100 galf_TE_A_100_143 galf_TE_A_100_217 galf_TE_A_143 galf_TE_A_143_217 galf_TE_A_217
1.675310124941005747e-05 1.299832943668298741e-05 8.222768971567145796e-06 3.398906035670339495e-07 -3.477670536724611723e-06 9.051615762573207607e-06 9.418354842516787919e-07 1.244234490478253490e-07 -1.207472975230442391e-08 -6.551542890596395285e-04 4.021348801422250071e-05 3.604713013305413144e-04 -6.173095440105433405e-04 2.664490734495287904e-05 -1.278179351762995307e-04 -5.765402615645964177e-05 -1.320158780859127670e-04 -5.032240583013968156e-03 -2.874557829874483609e-03 -5.499995456291881159e-04 -1.161041786540340832e-04 -5.339510356510250060e-07 -3.175064165386657648e-06 1.809854428524454947e-06 -4.093317865935351544e-06 -1.613002393174525371e-05 -3.584913164131362185e-05
1.299832943668298741e-05 1.920473821294537439e-04 1.024124091918437639e-05 3.894866858842776421e-07 -2.392181530264653607e-06 8.966922242261674047e-05 8.234768411221678891e-06 1.843524790639542160e-07 -2.487911281349318276e-07 -4.013436370591824155e-03 1.608811644587241523e-04 1.268830929935444926e-03 -3.430376577311288356e-03 -1.653688510336698248e-04 -7.350295008965711816e-04 1.380672488072094727e-04 2.590150522889976808e-03 -1.753426694691804372e-02 -3.767247295918784312e-03 5.025299877589850181e-03 8.881299735005097201e-03 2.628504423032961403e-06 6.659192149364695881e-06 9.080608391781612763e-07 1.417310938116956236e-06 -5.855499555484809584e-05 -1.046244249293310272e-04
8.222768971567145796e-06 1.024124091918437639e-05 1.314448785459426676e-05 1.214670822338684351e-07 -1.857126739012322936e-06 7.362668154912546002e-06 5.976389407427889362e-07 -4.412387671678797197e-08 -9.222957365147402916e-08 -3.783164723036489940e-03 9.645295173923621292e-05 1.041768688320673670e-03 -2.460475500587213336e-03 3.851325595349875145e-04 -2.759620070267553558e-04 -8.780892851416206575e-05 1.096033344402288535e-03 -2.085350984118387527e-02 -5.019740061817094812e-03 2.742184325166282296e-03 5.136337269556347229e-03 1.229368277090708811e-06 -1.136954506542173098e-07 2.063262970705856630e-06 -1.303305742808118931e-06 -7.072919457078554084e-06 -1.648827867842626098e-05
3.398906035670339495e-07 3.894866858842776421e-07 1.214670822338684351e-07 1.645859393510424811e-08 -4.892597563929312024e-08 1.936641384590061257e-07 1.759629355850766606e-08 4.271348255688731177e-09 -1.126832634060729567e-09 -4.411018917367280965e-05 1.770747414799853517e-06 1.862222711507935299e-05 -3.597248152233257351e-05 2.023275340129162869e-07 -9.198963291541959069e-06 -9.724383762890438922e-06 -4.226482465468784799e-06 -2.657477425161410087e-04 -1.532482950065816704e-04 -1.457291322639689356e-05 4.234179816259525490e-06 4.491143093286238787e-08 -1.096801845414914269e-07 -2.068171022015358108e-07 -2.905424753372642579e-07 -4.878581194408408732e-07 -2.119100592266412396e-06
-3.477670536724611723e-06 -2.392181530264653607e-06 -1.857126739012322936e-06 -4.892597563929312024e-08 8.310394130984447073e-07 -1.940974204905487272e-06 -2.040472275190864370e-07 -2.298043051740387468e-08 -9.607452450136598077e-11 7.504657800558284892e-05 -8.302825208967847277e-06 -7.912687970118497207e-05 9.794498868804293054e-05 -3.985876838655751175e-06 4.119181627481128944e-06 -2.070591473563686546e-05 1.567302357531445101e-05 8.368102559064298420e-04 4.370184427830827779e-04 1.682958153006196332e-05 8.636681507297682718e-06 2.372643009131317482e-07 4.435869867045938114e-07 -2.775486510037271805e-07 3.977919775669712859e-07 3.142996588241188533e-06 3.062628882980033706e-06
9.051615762573207607e-06 8.966922242261674047e-05 7.362668154912546002e-06 1.936641384590061257e-07 -1.940974204905487272e-06 4.893470525352702175e-05 -1.524962079019854653e-06 8.729584030227816461e-08 -1.170979294813756015e-07 -2.121218694899409084e-03 6.927876444152776157e-05 7.487369749145685168e-04 -1.489083133114275665e-03 1.146196576809178588e-04 -1.025986665443259549e-04 3.889948027449585417e-04 5.902549981092270132e-04 -1.177271870374044932e-02 -2.744884491137280103e-03 1.562505127491692824e-03 2.123446739877904357e-03 -3.100959258305781703e-06 1.213333942310028225e-06 1.259181716501047419e-06 1.739121717700918817e-06 -2.699972754975202201e-05 -5.108945504058131081e-05
9.418354842516787919e-07 8.234768411221678891e-06 5.976389407427889362e-07 1.759629355850766606e-08 -2.040472275190864370e-07 -1.524962079019854865e-06 5.895731199602709187e-06 -3.892619670658671559e-08 -1.691804883719872444e-08 8.000731123175386199e-04 2.246879911587919171e-07 -2.646254593764947987e-05 1.095609665996993305e-04 -4.357548656628167951e-05 4.651540610028011369e-06 -6.097189009018165728e-05 6.616105304664394136e-04 4.151972854558209219e-03 3.199780810123054303e-04 1.217900810796338527e-05 7.349001756690063877e-04 4.112091641746885325e-06 1.564620945602588639e-06 -1.662688867449709420e-06 -1.229036470251398484e-06 -4.300848258539232936e-06 -1.390228154501019250e-06
1.244234490478253490e-07 1.843524790639542160e-07 -4.412387671678797197e-08 4.271348255688731177e-09 -2.298043051740387468e-08 8.729584030227816461e-08 -3.892619670658671559e-08 3.824968102149067768e-07 5.914853964224171466e-09 -1.805549874973662468e-04 3.076221275568368074e-06 1.276323289282685477e-04 -8.689946798231324343e-05 1.981667191951830352e-04 -1.884610804062755338e-04 -4.371977199030530590e-05 3.860399474989452645e-05 3.450823408289352412e-03 3.531301019648149572e-05 4.953877695802372293e-04 4.359925617756856583e-04 3.831466274006247530e-07 4.253898151483572285e-07 -4.476639411818317442e-07 3.671806882082273707e-07 -1.708040633524960005e-06 -4.556872387028574912e-06
-1.207472975230442391e-08 -2.487911281349318276e-07 -9.222957365147402916e-08 -1.126832634060729567e-09 -9.607452450136598077e-11 -1.170979294813756015e-07 -1.691804883719872444e-08 5.914853964224171466e-09 3.835571201170241760e-07 6.201472685853721880e-04 -1.149655204401901787e-06 -1.952378057489836759e-05 -4.526607719835751211e-05 -2.858730996580843484e-05 -5.515135955870771915e-05 4.360021647377182084e-04 1.022856927599089492e-03 5.206302625969753137e-04 2.286760851560208294e-04 -1.765637702473974628e-04 -1.081063892778657155e-03 -1.050281941391848590e-07 -2.125979042681619273e-07 -5.196800235358018440e-07 2.059119103017423739e-07 2.154066279270199295e-06 5.220302623842788153e-06
-6.551542890596396369e-04 -4.013436370591824155e-03 -3.783164723036489940e-03 -4.411018917367282320e-05 7.504657800558287603e-05 -2.121218694899409517e-03 8.000731123175386199e-04 -1.805549874973662468e-04 6.201472685853721880e-04 4.302254419743374569e+01 -3.558027801036821591e-01 -8.491005799418747113e-01 -3.442162851814321578e-01 8.967556633728221427e-02 4.897571595987145199e-01 -5.653468550031774953e+00 -3.251748222009411649e+01 3.497271147552530834e+01 1.819975474907875590e+00 -1.283411833210525366e+01 -5.303679040244270482e+01 1.667520997182666978e-03 1.205442795250315832e-03 -4.426640372477375247e-03 -1.774696354159444912e-03 1.330501618333084814e-02 7.029998549525689686e-03
4.021348801422249393e-05 1.608811644587241523e-04 9.645295173923621292e-05 1.770747414799853305e-06 -8.302825208967847277e-06 6.927876444152777512e-05 2.246879911587964434e-07 3.076221275568367650e-06 -1.149655204401901363e-06 -3.558027801036821591e-01 8.285873105929747462e-02 -5.695216335304730676e-02 4.235799239158728052e-02 -1.160729963470482316e-02 2.553039039089555207e-02 1.174165795454501227e-01 1.262418011936482509e-01 -2.485992115668193003e-01 9.248341319572213060e-01 1.643480202506774956e+00 5.859953448319992209e-01 5.832047550024594589e-05 6.634464361964605063e-05 3.784628113245149320e-04 9.956005690719529400e-05 3.392964197756979244e-04 2.177254449992971157e-04
3.604713013305413144e-04 1.268830929935444926e-03 1.041768688320673670e-03 1.862222711507935299e-05 -7.912687970118497207e-05 7.487369749145685168e-04 -2.646254593764947309e-05 1.276323289282685477e-04 -1.952378057489836420e-05 -8.491005799418746003e-01 -5.695216335304730676e-02 4.028380088942756565e+00 -3.115689103151262351e+00 -1.158369792730395142e-01 1.444005858033787226e-01 2.847342779472248786e+00 3.663716404559614670e+00 -3.057658250658706933e+01 -2.827488389644516431e+00 8.542470009874893577e+00 5.946918423574961921e+00 5.729346872767574102e-04 1.172843717607827997e-03 -5.067923378871113521e-03 3.453046469090086633e-03 -1.172528528584484281e-03 9.299056620650665832e-04
-6.173095440105433405e-04 -3.430376577311288356e-03 -2.460475500587212903e-03 -3.597248152233257351e-05 9.794498868804293054e-05 -1.489083133114275665e-03 1.095609665996993305e-04 -8.689946798231325698e-05 -4.526607719835751211e-05 -3.442162851814322688e-01 4.235799239158726665e-02 -3.115689103151262351e+00 6.775622532287829181e+00 9.716373743413608821e-02 -2.223322570174567081e-01 -2.472472976013128321e+00 -2.817956999579558364e+00 1.495083019225077337e+01 -5.758319325747910611e+00 -1.390377548111397843e+01 -1.040474804606719417e+01 -2.656641530879739750e-04 -6.032169180965694238e-04 7.542167600344444958e-03 -2.506668185830124816e-03 -1.376706328915431677e-03 -2.415154858425111462e-03
2.664490734495288243e-05 -1.653688510336697977e-04 3.851325595349875145e-04 2.023275340129162869e-07 -3.985876838655746940e-06 1.146196576809178859e-04 -4.357548656628167951e-05 1.981667191951830352e-04 -2.858730996580842806e-05 8.967556633728224202e-02 -1.160729963470482316e-02 -1.158369792730395004e-01 9.716373743413611597e-02 3.265253829398156782e+00 3.990769417348035142e-01 4.059078797382734138e-02 -6.627057960929531866e-02 -7.081233261812474922e+00 -6.320504936412978392e-01 -7.578941098397385945e-01 -5.385257609479239260e-01 1.743302332674270144e-04 9.896226829980763959e-04 -7.471559828030415297e-04 -8.284539138245739995e-04 -4.065316585496202978e-03 -1.128258997717701551e-02
-1.278179351762995307e-04 -7.350295008965711816e-04 -2.759620070267553558e-04 -9.198963291541959069e-06 4.119181627481127250e-06 -1.025986665443259549e-04 4.651540610028013064e-06 -1.884610804062755338e-04 -5.515135955870771915e-05 4.897571595987146309e-01 2.553039039089554860e-02 1.444005858033786949e-01 -2.223322570174567359e-01 3.990769417348035142e-01 3.159644958439838724e+00 2.697380744153753618e+00 2.671879900115406326e+00 5.881671579125882232e+00 -1.127607088314291683e+00 -5.095689578094453331e-01 -1.209494053648562994e+00 -1.316628953722290404e-03 -1.685969047103088193e-03 -4.476140367700728813e-05 -6.691487994994787169e-04 2.452629144109725896e-03 -1.398672158431518882e-03
-5.765402615645959434e-05 1.380672488072095540e-04 -8.780892851416206575e-05 -9.724383762890438922e-06 -2.070591473563686884e-05 3.889948027449584332e-04 -6.097189009018165728e-05 -4.371977199030530590e-05 4.360021647377182084e-04 -5.653468550031774953e+00 1.174165795454501227e-01 2.847342779472248786e+00 -2.472472976013128321e+00 4.059078797382733444e-02 2.697380744153753618e+00 1.089064548684604183e+01 1.930112848560420247e+01 -1.323607149236369018e+01 3.600612139079873320e+00 6.081098576996535776e+00 5.761358352772109725e+00 -1.808332824597591983e-03 1.921618291197230112e-04 -7.254318254499433731e-03 4.460011461319298570e-03 6.737345834452570896e-03 1.829181301321964465e-02
-1.320158780859127670e-04 2.590150522889976808e-03 1.096033344402288535e-03 -4.226482465468788187e-06 1.567302357531445101e-05 5.902549981092270132e-04 6.616105304664394136e-04 3.860399474989452645e-05 1.022856927599089492e-03 -3.251748222009411649e+01 1.262418011936482787e-01 3.663716404559614670e+00 -2.817956999579557920e+00 -6.627057960929531866e-02 2.671879900115406326e+00 1.930112848560420247e+01 5.338180469175533460e+01 -2.471217915056031345e+01 4.404552602519974158e+00 1.004319010622357489e+01 3.347188565330239385e+01 -2.249192886426667863e-03 -1.206689527775640187e-03 -9.890015800607773050e-03 6.419862647242515798e-03 4.492441717551447743e-03 4.587528115322295902e-02
-5.032240583013967289e-03 -1.753426694691804719e-02 -2.085350984118387527e-02 -2.657477425161410087e-04 8.368102559064298420e-04 -1.177271870374044932e-02 4.151972854558209219e-03 3.450823408289352412e-03 5.206302625969750969e-04 3.497271147552530834e+01 -2.485992115668193003e-01 -3.057658250658706933e+01 1.495083019225077337e+01 -7.081233261812474922e+00 5.881671579125882232e+00 -1.323607149236369018e+01 -2.471217915056031345e+01 7.472666355234181310e+02 6.478409192421753460e+01 -5.404106899465898550e+01 -6.243002281585205537e+01 -3.568085334341962022e-03 -1.288213643484201719e-02 2.033605851280228041e-02 -3.968503856738675450e-02 1.098870079021350976e-02 6.948588146908922514e-02
-2.874557829874483609e-03 -3.767247295918784312e-03 -5.019740061817094812e-03 -1.532482950065816704e-04 4.370184427830827779e-04 -2.744884491137280103e-03 3.199780810123054303e-04 3.531301019648149572e-05 2.286760851560208836e-04 1.819975474907875146e+00 9.248341319572213060e-01 -2.827488389644516431e+00 -5.758319325747910611e+00 -6.320504936412978392e-01 -1.127607088314291683e+00 3.600612139079873320e+00 4.404552602519974158e+00 6.478409192421753460e+01 5.902807638440226157e+01 4.014079349868590185e+01 1.540292663846255827e+01 -4.007396767837513064e-03 3.268438362507502127e-03 -2.881925861052095968e-03 3.944753328475473879e-03 1.894364774672522081e-02 3.837546076436051251e-02
-5.499995456291881159e-04 5.025299877589851048e-03 2.742184325166282296e-03 -1.457291322639689017e-05 1.682958153006193283e-05 1.562505127491693041e-03 1.217900810796332429e-05 4.953877695802372293e-04 -1.765637702473974628e-04 -1.283411833210525366e+01 1.643480202506774956e+00 8.542470009874893577e+00 -1.390377548111397843e+01 -7.578941098397385945e-01 -5.095689578094454442e-01 6.081098576996535776e+00 1.004319010622357489e+01 -5.404106899465897840e+01 4.014079349868590185e+01 8.727652039374645199e+01 5.496764171040891256e+01 7.394957997504362926e-04 4.744806924735925704e-03 -6.676276442542783754e-03 1.375216759785134572e-02 7.899591785260966573e-03 3.390724633370852115e-02
-1.161041786540340832e-04 8.881299735005097201e-03 5.136337269556347229e-03 4.234179816259523796e-06 8.636681507297706435e-06 2.123446739877904357e-03 7.349001756690063877e-04 4.359925617756856583e-04 -1.081063892778657155e-03 -5.303679040244270482e+01 5.859953448319992209e-01 5.946918423574961921e+00 -1.040474804606719417e+01 -5.385257609479239260e-01 -1.209494053648563217e+00 5.761358352772109725e+00 3.347188565330239385e+01 -6.243002281585205537e+01 1.540292663846255827e+01 5.496764171040891256e+01 1.024570437148943682e+02 -1.280386646276693947e-03 7.684030326837742748e-04 -2.290251481034947644e-03 1.026825112868874970e-02 -1.433486037257379608e-02 -2.929976516004789613e-03
-5.339510356510249002e-07 2.628504423032963944e-06 1.229368277090708811e-06 4.491143093286240111e-08 2.372643009131316953e-07 -3.100959258305782550e-06 4.112091641746885325e-06 3.831466274006249118e-07 -1.050281941391849252e-07 1.667520997182666978e-03 5.832047550024589845e-05 5.729346872767576270e-04 -2.656641530879744087e-04 1.743302332674268788e-04 -1.316628953722290621e-03 -1.808332824597592417e-03 -2.249192886426669164e-03 -3.568085334341960287e-03 -4.007396767837512197e-03 7.394957997504364011e-04 -1.280386646276693947e-03 1.442027587396272920e-03 2.952472016352600303e-04 5.882194226289489818e-05 -3.431449768413530658e-04 -5.860087004987309789e-05 -1.726748653830954177e-04
-3.175064165386657648e-06 6.659192149364697575e-06 -1.136954506542174024e-07 -1.096801845414914269e-07 4.435869867045938114e-07 1.213333942310028437e-06 1.564620945602588639e-06 4.253898151483572815e-07 -2.125979042681619008e-07 1.205442795250316482e-03 6.634464361964603708e-05 1.172843717607827997e-03 -6.032169180965693154e-04 9.896226829980763959e-04 -1.685969047103088193e-03 1.921618291197229027e-04 -1.206689527775640621e-03 -1.288213643484201545e-02 3.268438362507502127e-03 4.744806924735925704e-03 7.684030326837741664e-04 2.952472016352600303e-04 9.003701659847140925e-04 -1.855212687081144493e-05 7.653139760840460505e-04 8.685826833768215338e-05 -6.783066632907842159e-04
1.809854428524453676e-06 9.080608391781616998e-07 2.063262970705856630e-06 -2.068171022015358108e-07 -2.775486510037273393e-07 1.259181716501044877e-06 -1.662688867449708573e-06 -4.476639411818318501e-07 -5.196800235358016322e-07 -4.426640372477378717e-03 3.784628113245149320e-04 -5.067923378871113521e-03 7.542167600344441489e-03 -7.471559828030419634e-04 -4.476140367700772181e-05 -7.254318254499431996e-03 -9.890015800607773050e-03 2.033605851280226653e-02 -2.881925861052093800e-03 -6.676276442542782887e-03 -2.290251481034946343e-03 5.882194226289489818e-05 -1.855212687081144493e-05 7.138918371343256665e-03 -2.910432748783184560e-04 6.529279843264817378e-04 4.956302005561558262e-03
-4.093317865935352391e-06 1.417310938116955389e-06 -1.303305742808118931e-06 -2.905424753372642049e-07 3.977919775669712859e-07 1.739121717700919664e-06 -1.229036470251398273e-06 3.671806882082272648e-07 2.059119103017424533e-07 -1.774696354159444912e-03 9.956005690719528045e-05 3.453046469090086633e-03 -2.506668185830125250e-03 -8.284539138245741079e-04 -6.691487994994786085e-04 4.460011461319299438e-03 6.419862647242517532e-03 -3.968503856738675450e-02 3.944753328475475614e-03 1.375216759785134225e-02 1.026825112868874970e-02 -3.431449768413530658e-04 7.653139760840460505e-04 -2.910432748783184018e-04 2.893776699698890221e-03 4.975136884044719819e-04 -9.724669078444013893e-04
-1.613002393174525371e-05 -5.855499555484809584e-05 -7.072919457078554084e-06 -4.878581194408408732e-07 3.142996588241188533e-06 -2.699972754975202201e-05 -4.300848258539232936e-06 -1.708040633524960217e-06 2.154066279270199295e-06 1.330501618333084814e-02 3.392964197756979786e-04 -1.172528528584484064e-03 -1.376706328915430592e-03 -4.065316585496202978e-03 2.452629144109725896e-03 6.737345834452572631e-03 4.492441717551449477e-03 1.098870079021350976e-02 1.894364774672522081e-02 7.899591785260966573e-03 -1.433486037257379261e-02 -5.860087004987309789e-05 8.685826833768215338e-05 6.529279843264817378e-04 4.975136884044719819e-04 6.398192824043414696e-03 7.438926278186462800e-03
-3.584913164131362185e-05 -1.046244249293310272e-04 -1.648827867842626098e-05 -2.119100592266412396e-06 3.062628882980033706e-06 -5.108945504058129726e-05 -1.390228154501017767e-06 -4.556872387028574912e-06 5.220302623842789000e-06 7.029998549525684481e-03 2.177254449992969802e-04 9.299056620650650654e-04 -2.415154858425110594e-03 -1.128258997717701551e-02 -1.398672158431518882e-03 1.829181301321964465e-02 4.587528115322297290e-02 6.948588146908922514e-02 3.837546076436051251e-02 3.390724633370850727e-02 -2.929976516004787011e-03 -1.726748653830953906e-04 -6.783066632907841075e-04 4.956302005561558262e-03 -9.724669078444016061e-04 7.438926278186462800e-03 7.262490105135431528e-02
