# h logA step n_s omega_b omega_cdm tau_reio A_planck calib_100T calib_217T A_cib_217 xi_sz_cib A_sz ksz_norm gal545_A_100 gal545_A_143 gal545_A_143_217 gal545_A_217 ps_A_100_100 ps_A_143_143 ps_A_143_217 ps_A_217_217 galf_TE_A_100 galf_TE_A_100_143 galf_TE_A_100_217 galf_TE_A_143 galf_TE_A_143_217 galf_TE_A_217
3.591296352619341989e-05 8.201685583597981201e-06 1.244640104620319362e-05 9.002183621013104188e-07 4.023473766825533998e-07 -8.642493321768228247e-07 7.195326777884613680e-06 5.693137473081084401e-07 6.286390288731086092e-08 9.532135677487770915e-09 -2.144247635137886895e-03 4.613321580943687667e-05 1.529382386641737698e-04 -3.101087491094990612e-04 -1.214329092903070295e-04 -3.588263088520012890e-04 -3.877204048011608341e-04 4.990695638734704738e-04 -6.942601311052358851e-03 -5.360996293267908906e-03 -2.452597970603314238e-03 -2.287748384132583094e-04 -4.126853609469104628e-06 -5.581213597780608317e-07 1.116561639196445812e-05 -1.028559375605279476e-06 -4.730071908363062027e-06 -3.964449342664265929e-05
8.201685583597981201e-06 1.972278427411162450e-04 -4.076994064789149845e-06 1.380581329619246788e-05 3.174774081502876552e-07 -3.778042529040526380e-06 9.294248539152767696e-05 8.375471357389724803e-06 -1.582126151409259222e-07 -1.642072544317676110e-07 -3.668749304518214259e-03 1.151080057125461416e-04 4.194495230508008747e-04 -1.530992733664267476e-03 -6.072789058559249342e-04 -5.047329906446281021e-04 -1.292334027720087744e-03 5.788474501842995161e-04 -1.511304577615063191e-02 -5.393182518398762990e-03 1.498999104987969915e-03 6.644694606279710931e-03 1.006333115982747402e-05 6.377516767029013922e-07 2.882788906242573663e-06 -1.180658534125420797e-05 2.826509229961923099e-06 -3.257130195548846926e-05
1.244640104620319362e-05 -4.076994064789149845e-06 8.491852271436462672e-06 -5.497486271065880688e-06 2.599621084407117157e-08 1.906169356885258771e-06 -2.080322583522972629e-06 -1.476656283960989807e-08 1.662852699887940285e-08 1.856040720084485865e-08 -9.073119089750409077e-04 3.269538749974582357e-05 6.775117124948728327e-05 1.522535795448833366e-05 -1.028141340726927081e-04 -1.612195638157581489e-04 -8.159866330581695693e-06 4.541557579503679738e-04 -2.350117450635194182e-03 -1.175676332957249510e-03 -6.004359154225495920e-05 3.615941324432188483e-04 -1.716880628338546635e-06 -3.349351256132168653e-07 5.751410438398082261e-06 -8.342139178930378193e-07 4.053667683420662416e-06 1.508566045787987269e-05
9.002183621013104188e-07 1.380581329619246788e-05 -5.497486271065880688e-06 1.700956090264845073e-05 1.239190191518716332e-07 -3.233637315253062307e-06 9.583805260951123621e-06 4.195082298439621984e-07 -9.979274261000773362e-08 -6.112641324454456959e-08 -2.956050005223273634e-03 5.022122282729615095e-05 5.263129017482208244e-04 -1.945702924788037707e-03 3.874091421090856383e-04 -2.659448092383857203e-04 -6.222223080493779644e-04 3.296662238124983715e-04 -1.749455650136397603e-02 -4.995735670500377722e-03 7.161069120029841910e-04 3.881005719771337889e-03 6.651410397123612691e-07 2.748652466393435777e-07 2.195701728375902551e-06 -4.384819172998452811e-07 -3.732593745582090491e-06 -2.565743522337416045e-05
4.023473766825533998e-07 3.174774081502876552e-07 2.599621084407117157e-08 1.239190191518716332e-07 1.826865705635065636e-08 -4.580869881854225933e-08 1.583711370055240873e-07 1.723876941132993817e-08 2.674453681735583596e-09 -2.249613737371075012e-09 -7.867848960349154623e-05 9.538645009317216948e-07 1.119235926642482771e-05 -2.660250982098245518e-05 -6.014150794244452828e-06 -8.343490498035501562e-06 -1.653524893090046625e-05 1.237036266706836018e-05 -2.768315663215325357e-04 -2.042882977614968621e-04 -7.969211279630000549e-05 1.206605625333090443e-05 -9.071143277046058931e-08 -1.164900257095431987e-07 8.061055589124154901e-08 -1.420709474366049013e-07 -5.488168271798322858e-07 -2.231102158385395868e-06
-8.642493321768228247e-07 -3.778042529040526380e-06 1.906169356885258771e-06 -3.233637315253062307e-06 -4.580869881854225933e-08 1.298110920996992637e-06 -2.769273399090701627e-06 -1.415029757159857621e-07 4.249372038301132496e-09 3.584173086361408627e-09 -1.596938334171943918e-04 8.620812674935157970e-06 2.548984569650414813e-05 3.402737810583193393e-05 -4.769411398544582548e-05 -2.161622772029591900e-05 5.008239036296337513e-05 1.683849397670114081e-04 -8.929813906593182294e-05 2.610824992617606145e-04 4.561456016712763092e-04 3.218516203904110869e-04 1.000643544241815555e-07 -2.667604126609128097e-07 4.611642267199347125e-07 -6.936669693272131225e-07 1.940232476443586217e-06 1.295224590151182200e-05
7.195326777884613680e-06 9.294248539152767696e-05 -2.080322583522972629e-06 9.583805260951123621e-06 1.583711370055240608e-07 -2.769273399090701627e-06 5.127348149188603661e-05 -1.577960114587967199e-06 -1.526328637068840871e-07 -5.105910316421269315e-08 -1.660785592063059729e-03 2.905827741593710391e-05 2.786657512087233079e-04 -4.461274833835675952e-04 -1.575125784963079373e-04 7.731904821835123719e-05 -2.832012821614227137e-04 -2.563664864837854980e-04 -8.595818237061436315e-03 -3.874152077364561436e-03 -1.057191936353088458e-03 2.037264344309849676e-04 2.187062711044435916e-06 1.261086458335674804e-06 1.777693728230046157e-06 -4.407408415441142454e-06 5.074235912539657702e-06 -2.086719816025331111e-05
5.693137473081084401e-07 8.375471357389724803e-06 -1.476656283960989807e-08 4.195082298439621984e-07 1.723876941132993817e-08 -1.415029757159857621e-07 -1.577960114587967199e-06 5.862681946757392453e-06 -3.557360036250878712e-09 -1.434504722646934672e-08 5.699418826306592309e-04 8.689824083127828722e-06 -7.871897272583947968e-05 3.635313245504945382e-06 4.404426124970427719e-05 -5.336544247575599457e-05 -1.227985600341366043e-04 5.893391046789310268e-04 2.497211689425900098e-03 6.667240161057181539e-04 4.838480821597298588e-04 1.317757304734703096e-03 2.276480114672468990e-06 -6.167088388817161290e-08 1.208741921530958252e-06 -6.137000786579689611e-07 -3.247931311418629555e-06 -4.506086544890231034e-06
6.286390288731086092e-08 -1.582126151409259222e-07 1.662852699887940285e-08 -9.979274261000773362e-08 2.674453681735583596e-09 4.249372038301132496e-09 -1.526328637068840871e-07 -3.557360036250878712e-09 3.733040129678843087e-07 -6.105662968342580670e-09 -2.274139927962183765e-04 3.440744314462310970e-06 8.272293886112153550e-05 -6.227029680871454026e-05 2.044404308350237858e-04 -1.676321659873104277e-04 -5.916474398937128141e-05 2.773810632080534757e-05 3.829738803635035754e-03 6.796870376011951334e-05 3.589267092232430937e-04 4.833896533521035146e-04 1.150302611498285202e-07 -1.244021994253819695e-07 -8.329152687943922949e-07 2.151780731913126578e-07 -7.349242593032745982e-07 -2.871054495145121014e-06
9.532135677487770915e-09 -1.642072544317676110e-07 1.856040720084485865e-08 -6.112641324454456959e-08 -2.249613737371075012e-09 3.584173086361408627e-09 -5.105910316421269315e-08 -1.434504722646934672e-08 -6.105662968342580670e-09 3.794034009740948984e-07 6.833076407102870939e-04 -1.943070467580601058e-06 -5.442242880079240815e-05 3.193398025798109731e-05 -1.983305769819621208e-07 -4.515723476239369660e-05 3.806956932299471468e-04 8.932876464565208969e-04 4.572976595308715490e-04 1.160149573765712806e-04 -4.162709321599554501e-04 -1.332903585895893516e-03 -1.982469430947734147e-09 1.812682812550734562e-08 4.642403109501936651e-07 -3.207467410624687794e-07 1.883072984799614744e-08 1.953629721001388603e-07
-2.144247635137886895e-03 -3.668749304518214693e-03 -9.073119089750407993e-04 -2.956050005223273634e-03 -7.867848960349154623e-05 -1.596938334171943918e-04 -1.660785592063059295e-03 5.699418826306592309e-04 -2.274139927962184036e-04 6.833076407102870939e-04 4.315503434654662129e+01 -3.442398696767861588e-01 -8.108973446287353060e-01 -2.593670732772342946e-01 1.815476769945468805e-01 3.212961965201811543e-01 -6.101611273002760072e+00 -3.313352995572994075e+01 3.392998065667728014e+01 1.357459545624062347e+00 -1.211802127925301242e+01 -5.303881246778496461e+01 8.880077162715616047e-04 3.011825031887484499e-03 -1.051600467786339803e-02 1.530037331301335258e-03 6.354281265164791852e-03 6.179528160301581141e-03
4.613321580943689022e-05 1.151080057125461551e-04 3.269538749974582357e-05 5.022122282729615095e-05 9.538645009317212713e-07 8.620812674935157970e-06 2.905827741593711069e-05 8.689824083127827028e-06 3.440744314462311393e-06 -1.943070467580601481e-06 -3.442398696767861588e-01 8.046652581847928143e-02 -3.485061800211364941e-02 3.558739889389799654e-02 -1.519193408990182972e-02 1.741242378108145625e-02 1.158662876961949195e-01 1.363008805705148707e-01 -4.805301174098898231e-01 9.066051374871304525e-01 1.704420352095073365e+00 5.911821742887786169e-01 -6.749345633758106297e-07 -2.399901471822677140e-04 3.469230888532375510e-04 -3.953444991268492280e-04 -1.591607980865941132e-04 -4.330774923333028975e-04
1.529382386641737698e-04 4.194495230508007663e-04 6.775117124948728327e-05 5.263129017482208244e-04 1.119235926642482601e-05 2.548984569650413796e-05 2.786657512087234705e-04 -7.871897272583947968e-05 8.272293886112153550e-05 -5.442242880079239459e-05 -8.108973446287353060e-01 -3.485061800211365635e-02 3.793856671446591999e+00 -2.696317110126398298e+00 -1.861851990057586947e-01 1.365727740641850263e-01 2.616267489535240465e+00 3.255852176525448893e+00 -3.014654451180020445e+01 -2.819002659676782319e+00 7.920425714703738684e+00 5.379427104558344830e+00 -6.018481395651024100e-04 -6.239781869258165898e-04 1.554127197688310582e-03 3.381581773684896029e-04 -2.700346466786908341e-03 -1.873672836356784447e-03
-3.101087491094990612e-04 -1.530992733664266825e-03 1.522535795448832688e-05 -1.945702924788037707e-03 -2.660250982098245857e-05 3.402737810583194070e-05 -4.461274833835675952e-04 3.635313245504938182e-06 -6.227029680871454026e-05 3.193398025798109731e-05 -2.593670732772342391e-01 3.558739889389799654e-02 -2.696317110126398298e+00 5.741658327541129481e+00 6.848846384851500768e-02 -2.331971055891239042e-01 -1.963929373218768815e+00 -2.031255652629249120e+00 1.405030213158793906e+01 -4.860742117231503734e+00 -1.205425004747071682e+01 -9.256989367990096085e+00 7.464286736137431709e-04 1.265598611339330661e-03 -5.657915941743614854e-03 3.069093258088682538e-03 7.697061598730220401e-04 -1.312941951042543610e-02
-1.214329092903070566e-04 -6.072789058559248257e-04 -1.028141340726927488e-04 3.874091421090856383e-04 -6.014150794244453675e-06 -4.769411398544582548e-05 -1.575125784963079102e-04 4.404426124970427719e-05 2.044404308350237587e-04 -1.983305769819649002e-07 1.815476769945468805e-01 -1.519193408990182625e-02 -1.861851990057587225e-01 6.848846384851504931e-02 3.318608922505797310e+00 5.804022603242513512e-01 2.130586261403355219e-01 3.078035149353875455e-01 -5.687173695025464326e+00 -4.121729105327381903e-01 -9.786274065003045530e-01 -6.931211062191273697e-01 1.072021326976534784e-04 6.590341944896116640e-04 -1.882817099378395224e-04 4.309191677708925413e-04 -2.466611649284896094e-04 6.286304662691749937e-03
-3.588263088520011806e-04 -5.047329906446281021e-04 -1.612195638157581489e-04 -2.659448092383856661e-04 -8.343490498035501562e-06 -2.161622772029592578e-05 7.731904821835121008e-05 -5.336544247575600135e-05 -1.676321659873104277e-04 -4.515723476239369660e-05 3.212961965201810988e-01 1.741242378108145278e-02 1.365727740641850263e-01 -2.331971055891239042e-01 5.804022603242513512e-01 3.078481602888324620e+00 2.686373717465524003e+00 2.788436829034495634e+00 5.712606482794512885e+00 -8.860754801985891715e-01 -4.246160619986391049e-01 -8.603333063994267338e-01 -7.703945014455987859e-04 -2.851954046014170633e-04 2.422466419394363277e-03 -1.335686351593695122e-03 -8.612264041056327292e-04 4.431744981828398579e-03
-3.877204048011607799e-04 -1.292334027720087744e-03 -8.159866330581695693e-06 -6.222223080493778560e-04 -1.653524893090046625e-05 5.008239036296336836e-05 -2.832012821614228221e-04 -1.227985600341366043e-04 -5.916474398937128141e-05 3.806956932299471468e-04 -6.101611273002760072e+00 1.158662876961949195e-01 2.616267489535240909e+00 -1.963929373218768815e+00 2.130586261403354942e-01 2.686373717465524003e+00 1.085001066615847520e+01 1.945059500822427268e+01 -1.423644832828567708e+01 3.740824895692870022e+00 4.977971479249960751e+00 5.679640695303745268e+00 -8.077335758019565026e-04 3.485180552980520798e-04 1.965378091509202389e-03 -1.914387873256659725e-03 -1.065401245570592832e-03 1.315823686284431186e-02
4.990695638734704738e-04 5.788474501842996245e-04 4.541557579503679738e-04 3.296662238124983715e-04 1.237036266706836357e-05 1.683849397670114081e-04 -2.563664864837855522e-04 5.893391046789310268e-04 2.773810632080534757e-05 8.932876464565208969e-04 -3.313352995572994075e+01 1.363008805705148707e-01 3.255852176525448893e+00 -2.031255652629249120e+00 3.078035149353874345e-01 2.788436829034495634e+00 1.945059500822427268e+01 5.365487415217030787e+01 -2.830460440533422783e+01 4.660543664508905337e+00 7.752983719079852953e+00 3.275271418679718494e+01 -4.855393404955492915e-04 -1.668882997683369947e-06 1.171301867258891377e-02 -3.408852075680884278e-03 -8.548329475340602293e-03 2.168696803566599191e-02
-6.942601311052358851e-03 -1.511304577615063191e-02 -2.350117450635194182e-03 -1.749455650136397603e-02 -2.768315663215325357e-04 -8.929813906593187715e-05 -8.595818237061436315e-03 2.497211689425900966e-03 3.829738803635035754e-03 4.572976595308715490e-04 3.392998065667728014e+01 -4.805301174098898231e-01 -3.014654451180020445e+01 1.405030213158793906e+01 -5.687173695025463438e+00 5.712606482794513774e+00 -1.423644832828568063e+01 -2.830460440533422783e+01 7.690693066378801177e+02 6.229515842209729470e+01 -5.560468847196452202e+01 -5.792110809378051073e+01 -7.510886131035185778e-03 1.031473424324829552e-02 1.720845319973086929e-02 2.272092526435734276e-03 1.376855651882070118e-02 5.824654549848871932e-02
-5.360996293267908906e-03 -5.393182518398762990e-03 -1.175676332957249510e-03 -4.995735670500377722e-03 -2.042882977614968892e-04 2.610824992617606145e-04 -3.874152077364561436e-03 6.667240161057180455e-04 6.796870376011951334e-05 1.160149573765712942e-04 1.357459545624062347e+00 9.066051374871304525e-01 -2.819002659676782763e+00 -4.860742117231504622e+00 -4.121729105327381903e-01 -8.860754801985891715e-01 3.740824895692870022e+00 4.660543664508905337e+00 6.229515842209729470e+01 5.887634123841426970e+01 3.998560492057386995e+01 1.525877250741264568e+01 4.600789470560454411e-03 -4.011891012323504481e-04 1.120247644922938617e-03 -1.420798174182739786e-02 2.743916131211383662e-03 8.759339047498837863e-03
-2.452597970603314671e-03 1.498999104987969915e-03 -6.004359154225510827e-05 7.161069120029841910e-04 -7.969211279630001904e-05 4.561456016712763092e-04 -1.057191936353088675e-03 4.838480821597298588e-04 3.589267092232430937e-04 -4.162709321599554501e-04 -1.211802127925301242e+01 1.704420352095073365e+00 7.920425714703738684e+00 -1.205425004747071682e+01 -9.786274065003045530e-01 -4.246160619986391049e-01 4.977971479249960751e+00 7.752983719079853842e+00 -5.560468847196452202e+01 3.998560492057386995e+01 8.697122599556617217e+01 5.287743673924820342e+01 3.346374652386917975e-04 -8.169339447660949396e-03 2.059681159964966632e-02 -1.676833213923055108e-02 -1.205827784702756013e-02 -5.652197787079800938e-04
-2.287748384132585262e-04 6.644694606279711799e-03 3.615941324432188483e-04 3.881005719771337889e-03 1.206605625333090104e-05 3.218516203904110869e-04 2.037264344309847237e-04 1.317757304734703096e-03 4.833896533521035688e-04 -1.332903585895893516e-03 -5.303881246778496461e+01 5.911821742887786169e-01 5.379427104558344830e+00 -9.256989367990096085e+00 -6.931211062191273697e-01 -8.603333063994267338e-01 5.679640695303745268e+00 3.275271418679718494e+01 -5.792110809378051073e+01 1.525877250741264568e+01 5.287743673924820342e+01 1.011672385846604669e+02 1.074141643255573916e-04 -5.439080025240906370e-03 2.551665234329009851e-02 -7.576099285267083594e-03 -7.567633374652472933e-03 -4.089718300316342106e-03
-4.126853609469105475e-06 1.006333115982747233e-05 -1.716880628338545788e-06 6.651410397123617985e-07 -9.071143277046060255e-08 1.000643544241815820e-07 2.187062711044435492e-06 2.276480114672468566e-06 1.150302611498284673e-07 -1.982469430947676244e-09 8.880077162715610626e-04 -6.749345633758550990e-07 -6.018481395651025185e-04 7.464286736137431709e-04 1.072021326976534242e-04 -7.703945014455990028e-04 -8.077335758019565026e-04 -4.855393404955490205e-04 -7.510886131035190115e-03 4.600789470560452676e-03 3.346374652386935864e-04 1.074141643255576220e-04 1.479305220714474027e-03 2.855284140374908779e-04 7.638365829366658400e-05 -3.645070478258311572e-04 -6.504184729455575464e-05 -1.693574231041851494e-04
-5.581213597780608317e-07 6.377516767029021334e-07 -3.349351256132166006e-07 2.748652466393431013e-07 -1.164900257095431987e-07 -2.667604126609127567e-07 1.261086458335674804e-06 -6.167088388817197024e-08 -1.244021994253818636e-07 1.812682812550734562e-08 3.011825031887484499e-03 -2.399901471822677140e-04 -6.239781869258165898e-04 1.265598611339330444e-03 6.590341944896117724e-04 -2.851954046014170633e-04 3.485180552980523508e-04 -1.668882997683844709e-06 1.031473424324829205e-02 -4.011891012323509360e-04 -8.169339447660947662e-03 -5.439080025240908972e-03 2.855284140374908779e-04 8.751299092736336983e-04 -3.974525568457223533e-06 7.400267601786828789e-04 9.788425262119033739e-05 -6.477688773144194175e-04
1.116561639196445642e-05 2.882788906242574933e-06 5.751410438398083955e-06 2.195701728375902551e-06 8.061055589124154901e-08 4.611642267199349772e-07 1.777693728230042769e-06 1.208741921530958040e-06 -8.329152687943922949e-07 4.642403109501935592e-07 -1.051600467786339976e-02 3.469230888532376053e-04 1.554127197688311016e-03 -5.657915941743613987e-03 -1.882817099378388177e-04 2.422466419394362410e-03 1.965378091509201522e-03 1.171301867258891377e-02 1.720845319973087276e-02 1.120247644922938183e-03 2.059681159964965938e-02 2.551665234329010198e-02 7.638365829366659755e-05 -3.974525568457214216e-06 7.219127293269182906e-03 -3.312859237593185065e-04 6.677719964359191823e-04 4.722072621038699534e-03
-1.028559375605279476e-06 -1.180658534125420967e-05 -8.342139178930384546e-07 -4.384819172998459164e-07 -1.420709474366048748e-07 -6.936669693272131225e-07 -4.407408415441143301e-06 -6.137000786579689611e-07 2.151780731913126578e-07 -3.207467410624688323e-07 1.530037331301334390e-03 -3.953444991268490654e-04 3.381581773684903618e-04 3.069093258088683406e-03 4.309191677708923787e-04 -1.335686351593694905e-03 -1.914387873256659725e-03 -3.408852075680882544e-03 2.272092526435736445e-03 -1.420798174182739786e-02 -1.676833213923055108e-02 -7.576099285267082727e-03 -3.645070478258311572e-04 7.400267601786828789e-04 -3.312859237593185065e-04 2.934400302700858505e-03 5.901300928129273905e-04 -8.908146564212861144e-04
-4.730071908363062027e-06 2.826509229961923946e-06 4.053667683420662416e-06 -3.732593745582091338e-06 -5.488168271798323917e-07 1.940232476443586217e-06 5.074235912539656855e-06 -3.247931311418628708e-06 -7.349242593032741747e-07 1.883072984799608788e-08 6.354281265164791852e-03 -1.591607980865941132e-04 -2.700346466786907474e-03 7.697061598730216064e-04 -2.466611649284897721e-04 -8.612264041056318618e-04 -1.065401245570591965e-03 -8.548329475340602293e-03 1.376855651882070118e-02 2.743916131211383662e-03 -1.205827784702756013e-02 -7.567633374652472066e-03 -6.504184729455578175e-05 9.788425262119033739e-05 6.677719964359191823e-04 5.901300928129273905e-04 6.383062815894939394e-03 8.344815651995017222e-03
-3.964449342664265929e-05 -3.257130195548846926e-05 1.508566045787987269e-05 -2.565743522337415368e-05 -2.231102158385395868e-06 1.295224590151182200e-05 -2.086719816025331111e-05 -4.506086544890231881e-06 -2.871054495145121014e-06 1.953629721001386221e-07 6.179528160301583743e-03 -4.330774923333032228e-04 -1.873672836356786182e-03 -1.312941951042543784e-02 6.286304662691747334e-03 4.431744981828400314e-03 1.315823686284431186e-02 2.168696803566598844e-02 5.824654549848871932e-02 8.759339047498837863e-03 -5.652197787079769496e-04 -4.089718300316334300e-03 -1.693574231041851494e-04 -6.477688773144194175e-04 4.722072621038699534e-03 -8.908146564212861144e-04 8.344815651995017222e-03 7.397228146046941344e-02
