# h logA n_s omega_b omega_cdm tau_reio A_planck calib_100T calib_217T A_cib_217 xi_sz_cib A_sz ksz_norm gal545_A_100 gal545_A_143 gal545_A_143_217 gal545_A_217 ps_A_100_100 ps_A_143_143 ps_A_143_217 ps_A_217_217 galf_TE_A_100 galf_TE_A_100_143 galf_TE_A_100_217 galf_TE_A_143 galf_TE_A_143_217 galf_TE_A_217
1.540748197155645597e-05 1.022390250157338808e-05 8.166990852694194498e-06 2.443762591973101350e-07 -3.405960514622569426e-06 8.118230975634754492e-06 7.723285066009494032e-07 5.223437850842229969e-08 -3.165423937538603018e-08 -6.342044310771146253e-04 1.161960378153545669e-05 1.099005514401576983e-04 -2.826854295309816595e-04 8.046975977523317060e-05 2.983266527981374687e-05 -1.369751906848294535e-04 -1.006884568466546586e-04 -2.653789057617083127e-03 -2.094849200286451243e-03 -9.144397868143677461e-04 2.756607767122792917e-04 5.204119145622368004e-07 -2.490660768121734116e-07 -9.884845872588056604e-07 -5.292186341920580207e-06 -5.815418840879856313e-06 -2.706439928950433007e-05
1.022390250157338808e-05 1.884511675944090965e-04 6.386035720068370289e-06 1.965169548575300452e-07 -2.244356263879245939e-06 8.719860317251304938e-05 9.132404910679480759e-06 -6.853830905943670946e-08 -8.315220185760774690e-08 -3.487644154024280123e-03 1.671467573649336414e-04 1.081250112173207047e-04 -8.812952986541344475e-04 2.144826075767738830e-06 3.293295958639095417e-04 9.141685038928909067e-05 3.265566023849583461e-03 -6.016751210391295401e-03 -2.403745378794418242e-03 2.285454118709614318e-03 5.275198018832279526e-03 7.101962586005587194e-07 -6.757858497813407253e-06 -1.015925839206974101e-06 -2.268607331921724006e-05 1.146891693271101599e-06 1.222604111866061150e-09
8.166990852694194498e-06 6.386035720068370289e-06 1.339762807434564221e-05 9.215673219901268379e-08 -1.926536832980937726e-06 5.589837029926499673e-06 6.208580475644942269e-07 -6.572927146976653339e-08 -6.619053212725835899e-08 -4.108273541659429075e-03 9.502584966959961763e-05 8.862973364377605464e-04 -2.363110994556604037e-03 3.810409565153531674e-04 -2.485411252715306885e-04 -3.023487551827099581e-04 1.118563854041951461e-03 -2.033611252294883348e-02 -4.642299516748578728e-03 2.918905347525891595e-03 6.105221454961494779e-03 -5.433170588582456444e-07 2.405916476526412939e-06 -3.123203296509002539e-06 4.695824033503649697e-08 3.393291221378218001e-06 -2.216656349767514764e-05
2.443762591973101350e-07 1.965169548575300452e-07 9.215673219901268379e-08 1.271674239841835251e-08 -3.464378068171287329e-08 1.004232762297939578e-07 8.360044688276734234e-09 2.693890443924871903e-09 -1.035621193149991985e-09 -7.954484201136785234e-05 9.964193571753143481e-07 1.533399191467101967e-05 -2.950027658248040430e-05 -1.208926735648584643e-06 -6.420905254507034356e-06 -1.543432485478255672e-07 2.991537435115197607e-05 -2.639277449895207120e-04 -1.247264354168383250e-04 -1.929982835641091623e-05 6.266031019837309127e-05 3.714706601715958014e-08 -5.554478565619826359e-08 -2.188395084463696887e-08 -2.217986106878263826e-07 -3.127368557219601747e-07 -1.365936858614940201e-06
-3.405960514622569426e-06 -2.244356263879245939e-06 -1.926536832980937726e-06 -3.464378068171287329e-08 8.610064322812016302e-07 -1.950509048176682604e-06 -2.162468051024177428e-07 -8.590091464940607057e-09 6.195404225300836936e-09 4.069378186989230951e-06 -6.754147768981041086e-07 -2.963313407192363830e-06 2.062067193709695895e-05 -2.598839787893485946e-05 -1.390353356822871389e-05 3.625773392238156311e-05 7.999393259503611295e-05 2.427553827140338202e-04 3.365775135269859762e-04 2.180586966495984735e-04 7.271054073139976057e-05 8.343461070984580409e-08 -2.003816075551462913e-08 -4.674866288745168070e-08 7.264009252518591191e-07 1.188019507794821232e-06 3.050976004831189491e-06
8.118230975634754492e-06 8.719860317251304938e-05 5.589837029926501368e-06 1.004232762297939578e-07 -1.950509048176682604e-06 4.782356137204160445e-05 -1.414023598721352721e-06 -1.260189475239944117e-07 -8.416186805185607877e-08 -1.476326828017035606e-03 6.563934649193835789e-05 -1.356661827704980042e-05 6.190206036595440021e-05 1.051334819049259690e-04 4.280124372523875305e-04 1.083273287966835593e-04 4.252287594371945427e-04 -5.408233970927671733e-03 -2.322132190471178949e-03 -6.742418052876746623e-04 -6.410569995432524029e-04 -6.666601364973202864e-07 -2.485798099633282883e-06 2.062642284818771719e-06 -9.028394303451571065e-06 -1.850887863252012475e-06 -2.339199630463322909e-05
7.723285066009494032e-07 9.132404910679480759e-06 6.208580475644942269e-07 8.360044688276734234e-09 -2.162468051024177428e-07 -1.414023598721352509e-06 6.238167960906547678e-06 2.034965028106261269e-08 4.372504779380631787e-08 5.959852606164646547e-04 -2.778822633777372554e-07 3.548004621996598434e-05 -1.095177396333272564e-04 1.000813325656646426e-04 1.429675963309447092e-05 9.600216881212628541e-05 1.059707110892757010e-03 4.222672440534491929e-03 6.138105229162371191e-04 6.139551222521403900e-04 1.478538561953705085e-03 2.106368838679820121e-07 -3.695116712672216941e-07 -2.973179843817533766e-06 -2.440029272668642116e-06 4.883746292101907311e-07 1.774095406169609015e-05
5.223437850842229969e-08 -6.853830905943670946e-08 -6.572927146976653339e-08 2.693890443924871903e-09 -8.590091464940607057e-09 -1.260189475239944117e-07 2.034965028106261269e-08 3.800383825257324532e-07 -2.465771252557287016e-09 -1.505870573463413123e-04 2.020118391108579724e-06 1.171595102772392803e-04 -1.099574555747658640e-04 1.615673572358851536e-04 -1.814558935282792969e-04 -3.711739206451121801e-05 2.481955629573118075e-05 3.991331144529908746e-03 1.383206249105079877e-04 4.694072563112878138e-04 4.777460509358148408e-04 -6.387056059640196836e-08 -3.863409614507592196e-07 5.803991004793893081e-07 -5.652956756024518601e-07 -9.096017472815968742e-07 2.581183199176404769e-07
-3.165423937538603018e-08 -8.315220185760774690e-08 -6.619053212725835899e-08 -1.035621193149991985e-09 6.195404225300836936e-09 -8.416186805185607877e-08 4.372504779380631787e-08 -2.465771252557287016e-09 3.845457634288613790e-07 7.773515291225048356e-04 -6.277893245684325138e-06 -4.627241047208185477e-05 3.993709029866753755e-05 -3.486876559023746791e-06 -5.287031403477713241e-05 3.742026383259474580e-04 8.520443258303105841e-04 3.737267823321668825e-04 -7.185543900647812479e-05 -5.956977198240670643e-04 -1.488655087360154887e-03 -1.170996894777819238e-08 2.221010751129150957e-07 9.126839938461224097e-07 1.277554570090739578e-07 -4.441602995614229144e-07 2.869588550308097848e-06
-6.342044310771146253e-04 -3.487644154024280123e-03 -4.108273541659429075e-03 -7.954484201136785234e-05 4.069378186989227563e-06 -1.476326828017035606e-03 5.959852606164646547e-04 -1.505870573463413123e-04 7.773515291225048356e-04 4.578070249569732653e+01 -4.578691437613748305e-01 -8.058100104682864862e-01 1.943894568881086582e-01 1.619587951155495309e-01 6.604255580829144767e-01 -6.139018940084890019e+00 -3.427555900511957532e+01 3.647913457886998856e+01 -4.501674504553146994e-01 -1.566338870559228091e+01 -5.770998526891113301e+01 -1.509072575020733477e-03 -9.781115132857080320e-04 5.343386139578860288e-04 -3.764703984818217096e-04 -3.501851178581164015e-03 -3.993628206090107935e-02
1.161960378153546178e-05 1.671467573649336414e-04 9.502584966959961763e-05 9.964193571753143481e-07 -6.754147768981024146e-07 6.563934649193835789e-05 -2.778822633777352436e-07 2.020118391108579724e-06 -6.277893245684325138e-06 -4.578691437613748305e-01 8.191360345050635594e-02 -5.240041855555065131e-02 5.979171173905975523e-02 -2.164592954634872793e-03 1.529492916487211300e-02 1.042486353123934367e-01 1.710337142629853591e-01 -5.990540824535245390e-01 9.001977286354305718e-01 1.652906146897948458e+00 7.154731752157125202e-01 1.487678634150050271e-04 1.112162562191760269e-05 -3.478335900771115509e-04 -1.096682943800367802e-04 2.239278170303548427e-04 -6.805955761618477087e-04
1.099005514401577526e-04 1.081250112173206911e-04 8.862973364377605464e-04 1.533399191467101967e-05 -2.963313407192363830e-06 -1.356661827704976993e-05 3.548004621996599112e-05 1.171595102772392803e-04 -4.627241047208186832e-05 -8.058100104682863751e-01 -5.240041855555065131e-02 4.103919892973137529e+00 -3.170832754108204643e+00 -1.628336196024116611e-01 1.786529361080619049e-01 2.896103341471128800e+00 3.561899495903511070e+00 -3.151443092325710538e+01 -3.014666469645543856e+00 8.334421071160816652e+00 5.945982735688450482e+00 4.878519869963667184e-04 1.214306574171448300e-03 -1.966402986952739060e-03 1.239864882159674980e-03 4.613522125072968584e-03 2.183039316206109373e-03
-2.826854295309816595e-04 -8.812952986541342307e-04 -2.363110994556604037e-03 -2.950027658248040430e-05 2.062067193709695218e-05 6.190206036595444087e-05 -1.095177396333272158e-04 -1.099574555747658640e-04 3.993709029866753755e-05 1.943894568881086304e-01 5.979171173905974829e-02 -3.170832754108204643e+00 6.646667365488088564e+00 4.642077827016892477e-02 -2.616158950382737602e-01 -2.360007837161583577e+00 -2.749647237452188975e+00 1.558767448195513872e+01 -5.306586898959966270e+00 -1.334071381968792558e+01 -1.112813604743764095e+01 -7.836669260441577259e-04 -4.177279269062128151e-04 3.387333735998834545e-03 -1.760128881637330108e-03 -6.264195196269528587e-03 5.033386982089830403e-03
8.046975977523318415e-05 2.144826075767610081e-06 3.810409565153532758e-04 -1.208926735648584643e-06 -2.598839787893485946e-05 1.051334819049259825e-04 1.000813325656646426e-04 1.615673572358851536e-04 -3.486876559023747215e-06 1.619587951155495031e-01 -2.164592954634872359e-03 -1.628336196024116889e-01 4.642077827016892477e-02 3.290519937221171975e+00 5.695634136322749175e-01 2.390432904347702114e-01 2.437702799550650890e-01 -6.574852935277430532e+00 -4.918169920621024566e-02 -4.832788903405600967e-01 -5.290925513953339543e-01 4.215315371009875460e-05 1.197420704037274047e-03 2.166361913084519401e-04 2.565789481238971376e-04 1.760876506526953171e-03 -7.129104563443512156e-03
2.983266527981374009e-05 3.293295958639097043e-04 -2.485411252715306885e-04 -6.420905254507034356e-06 -1.390353356822871728e-05 4.280124372523875847e-04 1.429675963309445567e-05 -1.814558935282792969e-04 -5.287031403477715274e-05 6.604255580829144767e-01 1.529492916487211300e-02 1.786529361080619049e-01 -2.616158950382737602e-01 5.695634136322749175e-01 3.195402858341719554e+00 2.697036372588260900e+00 2.605309864431684108e+00 5.508519768743872724e+00 -1.238809726391271404e+00 -5.542815536362660778e-01 -1.386459648617342610e+00 -6.941584286595282871e-04 -2.434100832791113653e-04 -3.688992534144257891e-04 1.301915979821879291e-03 -2.194340135421661813e-04 -9.935654326676040746e-03
-1.369751906848294535e-04 9.141685038928911778e-05 -3.023487551827099581e-04 -1.543432485478262025e-07 3.625773392238156311e-05 1.083273287966835186e-04 9.600216881212628541e-05 -3.711739206451121801e-05 3.742026383259474580e-04 -6.139018940084890019e+00 1.042486353123934367e-01 2.896103341471128800e+00 -2.360007837161584021e+00 2.390432904347702392e-01 2.697036372588260900e+00 1.082699169164571629e+01 1.935531303561735328e+01 -1.490692872811437120e+01 3.075311644827818380e+00 5.467397403371723641e+00 6.272374835070346322e+00 3.600906946071513954e-04 2.765739326008275628e-03 -2.252196574138641723e-03 3.271707345926617647e-03 5.026839832870595368e-03 1.474151304194095541e-02
-1.006884568466546586e-04 3.265566023849583895e-03 1.118563854041951461e-03 2.991537435115197607e-05 7.999393259503611295e-05 4.252287594371944343e-04 1.059707110892757010e-03 2.481955629573118075e-05 8.520443258303105841e-04 -3.427555900511957532e+01 1.710337142629853591e-01 3.561899495903511070e+00 -2.749647237452188975e+00 2.437702799550650890e-01 2.605309864431684108e+00 1.935531303561735328e+01 5.405716232698341628e+01 -2.792449798061220534e+01 4.484586734450877188e+00 1.004040725132332312e+01 3.555157529903849678e+01 2.216137670561863383e-03 4.968263865053563176e-03 -1.864647845085344461e-03 5.177942000402545666e-03 4.709568753001631448e-03 5.823665064505974959e-02
-2.653789057617083127e-03 -6.016751210391295401e-03 -2.033611252294883348e-02 -2.639277449895207120e-04 2.427553827140338473e-04 -5.408233970927671733e-03 4.222672440534491929e-03 3.991331144529908746e-03 3.737267823321668825e-04 3.647913457886998856e+01 -5.990540824535245390e-01 -3.151443092325710538e+01 1.558767448195513872e+01 -6.574852935277429644e+00 5.508519768743872724e+00 -1.490692872811436764e+01 -2.792449798061220534e+01 7.948196838193449594e+02 6.394551624483590047e+01 -6.038550504340027913e+01 -6.500938375472894393e+01 -5.075767347079717523e-03 -2.510701717637929195e-02 6.123827114333645072e-03 -3.080348715552668273e-02 -9.222492908435038494e-02 -1.509419484194224892e-01
-2.094849200286451243e-03 -2.403745378794418242e-03 -4.642299516748578728e-03 -1.247264354168382979e-04 3.365775135269859762e-04 -2.322132190471178949e-03 6.138105229162371191e-04 1.383206249105079877e-04 -7.185543900647812479e-05 -4.501674504553147549e-01 9.001977286354305718e-01 -3.014666469645543856e+00 -5.306586898959966270e+00 -4.918169920621027341e-02 -1.238809726391271404e+00 3.075311644827818380e+00 4.484586734450877188e+00 6.394551624483590047e+01 5.904247187357042748e+01 3.988073801537193219e+01 1.825444823643326586e+01 4.388755538297467625e-03 -1.032337895731099894e-03 -8.595823380266808325e-03 1.339130952320920481e-03 4.194939209262131020e-03 7.550258107408724939e-03
-9.144397868143678545e-04 2.285454118709614318e-03 2.918905347525891595e-03 -1.929982835641091623e-05 2.180586966495984735e-04 -6.742418052876748792e-04 6.139551222521406068e-04 4.694072563112877054e-04 -5.956977198240670643e-04 -1.566338870559228091e+01 1.652906146897948458e+00 8.334421071160816652e+00 -1.334071381968792558e+01 -4.832788903405600411e-01 -5.542815536362660778e-01 5.467397403371723641e+00 1.004040725132332312e+01 -6.038550504340027913e+01 3.988073801537193219e+01 8.664871101718667035e+01 5.877625365738343532e+01 8.370321594370722790e-03 2.917480715757629346e-04 -1.478897542382186757e-02 1.958197932295059358e-03 1.588793099049437899e-02 -1.816042435216707468e-02
2.756607767122792917e-04 5.275198018832279526e-03 6.105221454961494779e-03 6.266031019837309127e-05 7.271054073139976057e-05 -6.410569995432525113e-04 1.478538561953705085e-03 4.777460509358148408e-04 -1.488655087360154887e-03 -5.770998526891113301e+01 7.154731752157125202e-01 5.945982735688450482e+00 -1.112813604743764095e+01 -5.290925513953339543e-01 -1.386459648617342610e+00 6.272374835070345434e+00 3.555157529903849678e+01 -6.500938375472894393e+01 1.825444823643326586e+01 5.877625365738343532e+01 1.105177237647200741e+02 4.729140526908238995e-03 -1.792791851601055909e-03 -4.608554431419221477e-03 -1.874562813351108876e-03 1.493434919560396659e-02 4.766577518686074960e-02
5.204119145622366946e-07 7.101962586005602017e-07 -5.433170588582455385e-07 3.714706601715957352e-08 8.343461070984573792e-08 -6.666601364973202864e-07 2.106368838679819857e-07 -6.387056059640196836e-08 -1.170996894777819238e-08 -1.509072575020734778e-03 1.487678634150050542e-04 4.878519869963667184e-04 -7.836669260441580511e-04 4.215315371009849710e-05 -6.941584286595282871e-04 3.600906946071513954e-04 2.216137670561863383e-03 -5.075767347079716656e-03 4.388755538297465890e-03 8.370321594370722790e-03 4.729140526908238995e-03 1.448932656527953311e-03 2.665545039916429712e-04 4.570220410762753862e-05 -3.726387063691626034e-04 -1.005486520601210268e-04 -4.320770592021046480e-04
-2.490660768121733586e-07 -6.757858497813405559e-06 2.405916476526412939e-06 -5.554478565619826359e-08 -2.003816075551460597e-08 -2.485798099633282883e-06 -3.695116712672215883e-07 -3.863409614507592196e-07 2.221010751129150957e-07 -9.781115132857084657e-04 1.112162562191763488e-05 1.214306574171448083e-03 -4.177279269062124357e-04 1.197420704037273831e-03 -2.434100832791112840e-04 2.765739326008275628e-03 4.968263865053563176e-03 -2.510701717637929195e-02 -1.032337895731099894e-03 2.917480715757630430e-04 -1.792791851601055475e-03 2.665545039916429170e-04 8.638348742567643779e-04 7.025855801664687770e-05 7.284493630087706577e-04 8.749564046429087014e-05 -6.911330709683359422e-04
-9.884845872588071427e-07 -1.015925839206971560e-06 -3.123203296509001269e-06 -2.188395084463697218e-08 -4.674866288745189907e-08 2.062642284818773413e-06 -2.973179843817533766e-06 5.803991004793893081e-07 9.126839938461223038e-07 5.343386139578857035e-04 -3.478335900771115509e-04 -1.966402986952739060e-03 3.387333735998834545e-03 2.166361913084519943e-04 -3.688992534144268191e-04 -2.252196574138643458e-03 -1.864647845085342943e-03 6.123827114333643337e-03 -8.595823380266808325e-03 -1.478897542382186410e-02 -4.608554431419219742e-03 4.570220410762752507e-05 7.025855801664686415e-05 7.267478687415789181e-03 -3.328886441111627236e-04 4.192965735240866665e-04 3.960402910720516381e-03
-5.292186341920580207e-06 -2.268607331921724006e-05 4.695824033503699990e-08 -2.217986106878263826e-07 7.264009252518593308e-07 -9.028394303451572759e-06 -2.440029272668642540e-06 -5.652956756024518601e-07 1.277554570090739578e-07 -3.764703984818217096e-04 -1.096682943800368344e-04 1.239864882159674980e-03 -1.760128881637329458e-03 2.565789481238970292e-04 1.301915979821879942e-03 3.271707345926617647e-03 5.177942000402543064e-03 -3.080348715552668273e-02 1.339130952320920481e-03 1.958197932295058924e-03 -1.874562813351110394e-03 -3.726387063691625492e-04 7.284493630087706577e-04 -3.328886441111627236e-04 2.840923225002095053e-03 5.959331505148503542e-04 -7.157684790484904191e-04
-5.815418840879856313e-06 1.146891693271104351e-06 3.393291221378218001e-06 -3.127368557219600688e-07 1.188019507794821232e-06 -1.850887863252013745e-06 4.883746292101906252e-07 -9.096017472815968742e-07 -4.441602995614229144e-07 -3.501851178581164882e-03 2.239278170303548698e-04 4.613522125072969451e-03 -6.264195196269528587e-03 1.760876506526952955e-03 -2.194340135421663711e-04 5.026839832870596235e-03 4.709568753001631448e-03 -9.222492908435038494e-02 4.194939209262129286e-03 1.588793099049437552e-02 1.493434919560396312e-02 -1.005486520601210268e-04 8.749564046429087014e-05 4.192965735240866123e-04 5.959331505148503542e-04 6.278651702215351516e-03 7.628332560143969224e-03
-2.706439928950433007e-05 1.222604111874087076e-09 -2.216656349767514764e-05 -1.365936858614940201e-06 3.050976004831189067e-06 -2.339199630463322571e-05 1.774095406169609354e-05 2.581183199176401063e-07 2.869588550308097848e-06 -3.993628206090107241e-02 -6.805955761618481424e-04 2.183039316206108939e-03 5.033386982089834739e-03 -7.129104563443511289e-03 -9.935654326676037276e-03 1.474151304194095888e-02 5.823665064505974959e-02 -1.509419484194224892e-01 7.550258107408731011e-03 -1.816042435216706774e-02 4.766577518686075654e-02 -4.320770592021046480e-04 -6.911330709683359422e-04 3.960402910720516381e-03 -7.157684790484904191e-04 7.628332560143969224e-03 7.193626359615133692e-02
