# h logA step n_s omega_b omega_cdm tau_reio A_planck calib_100T calib_217T A_cib_217 xi_sz_cib A_sz ksz_norm gal545_A_100 gal545_A_143 gal545_A_143_217 gal545_A_217 ps_A_100_100 ps_A_143_143 ps_A_143_217 ps_A_217_217 galf_TE_A_100 galf_TE_A_100_143 galf_TE_A_100_217 galf_TE_A_143 galf_TE_A_143_217 galf_TE_A_217
1.397329819393359639e-04 -1.648389188595140260e-05 7.585109894504150744e-05 -3.667816998359726309e-05 9.476854818615860353e-07 1.263423638341224717e-05 -7.132800037352682232e-06 -2.139545738751803272e-07 1.018637157190017897e-07 -3.022862863009122823e-07 -3.563813353720806862e-03 1.224422359801796966e-05 1.274305384827559675e-03 -2.215758245162026928e-03 -4.591811254593512076e-04 -1.349738163888102808e-03 -2.506112238168006160e-03 -2.245472649037149205e-03 -2.708701702769630501e-02 -1.552128079602943002e-02 -5.211426584832661371e-03 -1.687255033378162348e-03 1.891640634504299486e-05 3.172079336665792553e-06 -1.601908194684327637e-05 -8.057193107339257025e-07 -1.373705350600689893e-05 -9.874744537349541623e-05
-1.648389188595140260e-05 1.878669695286979595e-04 -1.982539525028278733e-05 2.240043892517113404e-05 1.271559641298476947e-07 -7.629514401733473365e-06 8.859437012302435067e-05 9.547671277201273633e-06 -5.329813823675253418e-08 7.482702979011622254e-08 -7.954274350581822146e-04 1.160241645831074634e-04 9.980866671083735587e-04 -1.711536660881266643e-03 1.168164796999584268e-04 -5.114902965188230285e-04 -2.974580349287843221e-04 1.432953939674361373e-03 -1.549953018175259656e-02 -2.524316360160928831e-03 5.207635315096379065e-03 6.976091128137376814e-03 1.533725703321443061e-05 4.581203815184747457e-06 8.667080421646652496e-06 -2.438390467896621455e-05 -4.457294569187650589e-05 -2.189373229920689169e-05
7.585109894504150744e-05 -1.982539525028278733e-05 4.731877012347186019e-05 -2.824615870372994047e-05 3.692941301621835620e-07 1.026194280589076537e-05 -1.090277675961866536e-05 -8.351189950722231479e-07 1.432846077600458625e-08 -1.498683464658880397e-07 -2.116647188138747783e-03 1.572791260921516766e-05 6.457930608856156428e-04 -9.732395781199209509e-04 -2.605531870894533695e-04 -7.002192834492579603e-04 -1.193015677850231418e-03 -1.023033714087726465e-03 -1.566459292190222966e-02 -7.343930984326216271e-03 -2.369871719709671590e-03 -6.795936027186886890e-04 9.338334014256843211e-06 2.344765216925517758e-06 -8.689980868661633816e-06 7.917931572384410445e-06 -9.383303420755351510e-07 -2.445952910777403734e-05
-3.667816998359726309e-05 2.240043892517113404e-05 -2.824615870372994047e-05 2.964026084405968749e-05 -9.853067545757309718e-08 -8.104651360345576147e-06 1.404168337630453757e-05 1.282891408159520015e-06 -5.132892744094040040e-08 3.437523813408199180e-08 -2.440983668261830723e-03 6.971650079969142445e-05 2.808532049693284729e-04 -1.436528894266801519e-03 5.187026491630182708e-04 -8.692191813244730080e-06 -4.408534263098107784e-05 1.444984112714006600e-03 -8.679513232925897132e-03 -1.361183333749820500e-03 2.984137874261861244e-03 4.988315233581698364e-03 -8.405248212742639512e-07 5.026390485141207762e-07 5.844637030501553391e-06 -1.201281055418027609e-05 -5.183915912764738165e-08 2.847799450452388002e-06
9.476854818615860353e-07 1.271559641298476947e-07 3.692941301621835620e-07 -9.853067545757309718e-08 2.018560322828214437e-08 2.993898981867494005e-08 5.822087922602123286e-08 7.886146866495476891e-09 2.233766495538043383e-09 -3.727473427330568149e-09 -5.831886009793474780e-05 9.797764745780533173e-07 2.568853547426443894e-05 -4.599951563756262774e-05 -5.177299336845723108e-06 -1.389078631595415431e-05 -1.519999985146017240e-05 -8.428606572860419230e-06 -4.346332856341700952e-04 -2.434660151323943776e-04 -6.709835831995576531e-05 -4.929947892797864054e-06 2.074356137591498688e-07 7.379515542709877431e-08 -5.861374088790883935e-08 -1.735030325176584671e-07 -4.022373946897548145e-07 -2.434099351607813895e-06
1.263423638341224717e-05 -7.629514401733473365e-06 1.026194280589076537e-05 -8.104651360345576147e-06 2.993898981867494005e-08 3.154559296993439190e-06 -4.840588558960488854e-06 -4.232531318379827281e-07 -1.417338954380176844e-08 -2.049895615559971715e-08 -4.784650204975646583e-04 9.985425850633670113e-06 1.299260709913278497e-04 -1.271523927384658585e-04 -5.146453919240861786e-05 -1.166210414780837108e-04 -1.177947248971428858e-04 -7.654649323109758861e-05 -3.605778559941818194e-03 -9.891373006907901513e-04 -1.815663792254172931e-04 1.654095432952282720e-05 1.437445985301148209e-06 1.068233269025279993e-06 -1.709105271394771809e-06 4.686343945659907260e-06 1.095659989279964895e-06 2.879934608884239208e-06
-7.132800037352682232e-06 8.859437012302435067e-05 -1.090277675961866705e-05 1.404168337630453757e-05 5.822087922602123286e-08 -4.840588558960488854e-06 4.888746492240432815e-05 -8.045477577819494809e-07 -7.614127737043483024e-08 2.425067582720808375e-08 -2.940987784877604366e-04 2.177874352780244130e-05 4.893006183640160461e-04 -5.754959126645880878e-04 -6.951220664280202601e-05 -3.213802436915708588e-05 -6.667344389806591860e-05 -1.690936073338436866e-04 -7.424602309590825830e-03 -2.494945055802123054e-03 5.414294151840575537e-04 5.614431415060183945e-04 1.510705700493528325e-06 2.807831225412619514e-06 6.989555407960177580e-06 -8.691711080581503894e-06 -1.448158134115528438e-05 -1.184394913239127093e-05
-2.139545738751803272e-07 9.547671277201273633e-06 -8.351189950722231479e-07 1.282891408159520015e-06 7.886146866495476891e-09 -4.232531318379827281e-07 -8.045477577819496927e-07 5.939690251041776897e-06 -1.628082958521380099e-09 9.017671461770481082e-09 6.902330158779160100e-04 9.214267227516103780e-07 -8.681230809117190659e-06 -4.029993982538291915e-06 2.815555052977203971e-04 2.035627589438662421e-05 -1.705631917253499041e-05 7.835494834005378353e-04 2.733420513899723851e-03 5.787901116444741896e-04 7.541709824402546619e-04 1.375577577677424782e-03 5.453450264860523182e-06 -1.584775224209140872e-06 -1.529454779691941531e-06 -6.083207087350318880e-06 -6.023427082270446173e-06 1.692789799503601392e-06
1.018637157190017897e-07 -5.329813823675253418e-08 1.432846077600458625e-08 -5.132892744094040040e-08 2.233766495538043383e-09 -1.417338954380176844e-08 -7.614127737043483024e-08 -1.628082958521380099e-09 3.826986279830893099e-07 1.231411098902361033e-08 -2.768818416971436584e-04 5.722877716797802476e-06 1.256617453035032144e-04 -7.258608818837493685e-05 1.917850746613960513e-04 -1.597876895933232470e-04 7.106863749721307707e-05 2.384790581025840147e-04 3.160861136784989638e-03 1.863031950745371393e-05 4.346534674647093170e-04 5.209604572085007679e-04 -1.937769683242533625e-07 -3.252568347504657307e-07 3.875492062883548219e-07 -1.535506415289702138e-07 -6.090222302573389586e-07 2.699214448749383842e-06
-3.022862863009122823e-07 7.482702979011622254e-08 -1.498683464658880397e-07 3.437523813408199180e-08 -3.727473427330568149e-09 -2.049895615559971715e-08 2.425067582720810691e-08 9.017671461770481082e-09 1.231411098902361033e-08 3.959372909890908018e-07 6.821573709600303476e-04 -2.269281332038521453e-09 -4.305543738418084193e-05 -2.753745914055501728e-05 -8.298041867879547517e-06 -3.677518400252249149e-06 4.661228928384669712e-04 1.029661217122785971e-03 9.599101745380543820e-04 2.557119487157175769e-04 -2.402131281034042395e-04 -1.246478427272409593e-03 -5.552347577109516255e-08 7.681523829068931274e-08 3.782124041150315032e-07 1.920406103161170703e-07 -1.850354811935214772e-06 3.557927098093348641e-06
-3.563813353720806862e-03 -7.954274350581824315e-04 -2.116647188138747783e-03 -2.440983668261830723e-03 -5.831886009793474780e-05 -4.784650204975646583e-04 -2.940987784877602739e-04 6.902330158779160100e-04 -2.768818416971436584e-04 6.821573709600304561e-04 4.433765500823517414e+01 -4.099115767076435546e-01 -1.155131088832073383e+00 2.637907354875444407e-02 1.379117664411310396e-01 4.544307865050374318e-01 -6.401931163731920726e+00 -3.400102406602653815e+01 3.658312237265649713e+01 1.628559174780507046e+00 -1.425446050366343798e+01 -5.537750507084449225e+01 -8.884877662622256336e-04 4.009365950282617330e-03 -1.032536281658972058e-02 1.008992444120991941e-02 -2.485490145738484570e-03 2.341923989289726102e-02
1.224422359801798321e-05 1.160241645831074634e-04 1.572791260921517782e-05 6.971650079969142445e-05 9.797764745780533173e-07 9.985425850633670113e-06 2.177874352780243114e-05 9.214267227516118603e-07 5.722877716797803323e-06 -2.269281332038569016e-09 -4.099115767076434991e-01 8.100693018541030299e-02 -2.931359817347869642e-02 2.871534931442030342e-02 -1.019932221426319077e-02 6.997393148747676692e-03 1.098028645093356431e-01 1.522263010328675503e-01 -8.005234330582488012e-01 9.134978698317512968e-01 1.724322595116441148e+00 7.051697234278077042e-01 -4.682579914710387187e-05 1.107602533079170173e-04 -6.354677627380183810e-04 1.703313809804399238e-04 1.011473336029645607e-04 2.787821282687344675e-03
1.274305384827559675e-03 9.980866671083735587e-04 6.457930608856156428e-04 2.808532049693285271e-04 2.568853547426443894e-05 1.299260709913278497e-04 4.893006183640160461e-04 -8.681230809117204211e-06 1.256617453035032144e-04 -4.305543738418085548e-05 -1.155131088832073161e+00 -2.931359817347869642e-02 3.874346058482515343e+00 -2.578127242041098111e+00 -1.908624866720200763e-01 7.466991444527699973e-02 2.709375080818305470e+00 3.586937675094638678e+00 -3.057659061211970908e+01 -3.500496654799666540e+00 7.726287698901656675e+00 5.476971562849185737e+00 -8.383401708989429192e-04 -6.843402137875044880e-04 4.763422381498743849e-03 -2.572888402921605540e-04 -4.680703874167117850e-04 -8.836433473212598755e-03
-2.215758245162026928e-03 -1.711536660881266643e-03 -9.732395781199209509e-04 -1.436528894266801519e-03 -4.599951563756262096e-05 -1.271523927384658856e-04 -5.754959126645881962e-04 -4.029993982538285986e-06 -7.258608818837493685e-05 -2.753745914055502405e-05 2.637907354875446836e-02 2.871534931442029648e-02 -2.578127242041098111e+00 5.439987382845195008e+00 1.118318344776041140e-01 -2.297013087346458649e-01 -2.188008248310000958e+00 -2.779529833943729766e+00 1.176157558046324780e+01 -4.437792341259409135e+00 -1.113093044956301547e+01 -8.547095658090455572e+00 -2.259440413863237664e-03 -4.863690759465586714e-04 -3.173384247386365313e-03 -5.914342173832309391e-04 1.119784774893917666e-03 -3.069556917778362617e-03
-4.591811254593512076e-04 1.168164796999584268e-04 -2.605531870894533695e-04 5.187026491630182708e-04 -5.177299336845721414e-06 -5.146453919240861108e-05 -6.951220664280202601e-05 2.815555052977203971e-04 1.917850746613960241e-04 -8.298041867879545823e-06 1.379117664411310396e-01 -1.019932221426319077e-02 -1.908624866720201041e-01 1.118318344776041140e-01 3.247142415542209726e+00 4.927322972861872263e-01 1.584844942182985633e-02 1.985557906748386739e-02 -5.922511503153603307e+00 -6.921883748730462971e-01 -8.750512696433259130e-01 -5.349494855387605385e-01 -1.644203278279064619e-03 3.604491638080819984e-05 8.662079531466890670e-05 -2.176397514147497254e-04 1.821760582045901019e-03 2.022410079578006517e-02
-1.349738163888102808e-03 -5.114902965188230285e-04 -7.002192834492579603e-04 -8.692191813244755491e-06 -1.389078631595415431e-05 -1.166210414780837379e-04 -3.213802436915711298e-05 2.035627589438662421e-05 -1.597876895933232470e-04 -3.677518400252252113e-06 4.544307865050375428e-01 6.997393148747676692e-03 7.466991444527698585e-02 -2.297013087346458649e-01 4.927322972861872263e-01 3.104754719537281993e+00 2.707237071502548886e+00 2.899379462808628460e+00 8.313809962127621134e+00 -1.265244084235781497e+00 -9.440242990941496437e-01 -1.137653835396823077e+00 -7.108853257774010084e-04 -1.335397487373678194e-03 -1.243082156145211082e-03 1.992368458701949258e-03 3.131523973375240858e-03 2.785556755620314379e-02
-2.506112238168005726e-03 -2.974580349287843221e-04 -1.193015677850231418e-03 -4.408534263098112528e-05 -1.519999985146017070e-05 -1.177947248971429129e-04 -6.667344389806594571e-05 -1.705631917253499041e-05 7.106863749721307707e-05 4.661228928384669712e-04 -6.401931163731920726e+00 1.098028645093356570e-01 2.709375080818305470e+00 -2.188008248310000958e+00 1.584844942182986327e-02 2.707237071502548886e+00 1.123424015324193093e+01 2.034097878052754638e+01 -8.549791948220418547e+00 3.378849044323364303e+00 4.860565026720437665e+00 6.257760441531853957e+00 -5.184957306861567861e-03 -2.641294519349660259e-03 1.534833041294314309e-03 1.197248728093561719e-03 -2.737681996058241585e-03 1.455173272749693894e-02
-2.245472649037149205e-03 1.432953939674361373e-03 -1.023033714087726682e-03 1.444984112714006600e-03 -8.428606572860419230e-06 -7.654649323109758861e-05 -1.690936073338436866e-04 7.835494834005378353e-04 2.384790581025840147e-04 1.029661217122785971e-03 -3.400102406602653815e+01 1.522263010328675781e-01 3.586937675094638678e+00 -2.779529833943730655e+00 1.985557906748385004e-02 2.899379462808628016e+00 2.034097878052754638e+01 5.553325339986127318e+01 -1.870823172495517994e+01 4.330682960468540621e+00 9.067853751072032509e+00 3.498285272883666863e+01 -5.078482591434404538e-03 -6.997702231294951683e-03 1.238901078618178699e-02 -8.231844516109589407e-03 -1.535388437071479560e-02 1.445671762084733449e-02
-2.708701702769630501e-02 -1.549953018175259656e-02 -1.566459292190222966e-02 -8.679513232925897132e-03 -4.346332856341699868e-04 -3.605778559941817327e-03 -7.424602309590825830e-03 2.733420513899723851e-03 3.160861136784989638e-03 9.599101745380543820e-04 3.658312237265649713e+01 -8.005234330582486901e-01 -3.057659061211970908e+01 1.176157558046324780e+01 -5.922511503153603307e+00 8.313809962127622910e+00 -8.549791948220418547e+00 -1.870823172495517994e+01 7.829478618036281432e+02 6.855422126191241716e+01 -6.006718563288691115e+01 -6.070194229011507758e+01 1.340767145739235958e-02 9.733111215188415717e-04 1.552988044499009450e-03 3.410029264920232117e-02 2.857165331874396766e-02 3.028576843465046742e-01
-1.552128079602943002e-02 -2.524316360160928831e-03 -7.343930984326216271e-03 -1.361183333749820500e-03 -2.434660151323943776e-04 -9.891373006907901513e-04 -2.494945055802123054e-03 5.787901116444741896e-04 1.863031950745368343e-05 2.557119487157175769e-04 1.628559174780507046e+00 9.134978698317512968e-01 -3.500496654799666985e+00 -4.437792341259409135e+00 -6.921883748730462971e-01 -1.265244084235781497e+00 3.378849044323364303e+00 4.330682960468540621e+00 6.855422126191241716e+01 6.132422865690029568e+01 3.906525980176362367e+01 1.467145143182356293e+01 9.114100547007635347e-04 1.619481927921185508e-03 -2.520599506633571570e-03 1.232642600934506305e-03 1.681305934093166874e-03 5.614217082187255431e-02
-5.211426584832661371e-03 5.207635315096379065e-03 -2.369871719709671590e-03 2.984137874261861244e-03 -6.709835831995576531e-05 -1.815663792254172931e-04 5.414294151840575537e-04 7.541709824402546619e-04 4.346534674647093170e-04 -2.402131281034042395e-04 -1.425446050366343798e+01 1.724322595116441148e+00 7.726287698901656675e+00 -1.113093044956301547e+01 -8.750512696433259130e-01 -9.440242990941496437e-01 4.860565026720437665e+00 9.067853751072032509e+00 -6.006718563288692536e+01 3.906525980176360946e+01 8.546525223896571788e+01 5.420740956781139630e+01 5.912549190296970472e-03 1.777887858166312448e-03 1.046431332520458878e-03 -1.640721475843901107e-03 7.207150524168832312e-03 6.808984185901861830e-02
-1.687255033378162131e-03 6.976091128137376814e-03 -6.795936027186884722e-04 4.988315233581698364e-03 -4.929947892797864901e-06 1.654095432952282720e-05 5.614431415060183945e-04 1.375577577677424782e-03 5.209604572085007679e-04 -1.246478427272409593e-03 -5.537750507084448515e+01 7.051697234278077042e-01 5.476971562849185737e+00 -8.547095658090457349e+00 -5.349494855387606496e-01 -1.137653835396823077e+00 6.257760441531853957e+00 3.498285272883666863e+01 -6.070194229011507758e+01 1.467145143182356293e+01 5.420740956781139630e+01 1.036170681836427008e+02 7.095131595921382733e-03 -4.022769337151473230e-03 1.752292446046756560e-02 -1.297540047413938726e-02 9.440907736172114706e-03 -2.458599373232938159e-02
1.891640634504300163e-05 1.533725703321443061e-05 9.338334014256843211e-06 -8.405248212742641629e-07 2.074356137591498688e-07 1.437445985301148209e-06 1.510705700493527478e-06 5.453450264860524029e-06 -1.937769683242533625e-07 -5.552347577109520887e-08 -8.884877662622263925e-04 -4.682579914710381088e-05 -8.383401708989428108e-04 -2.259440413863237230e-03 -1.644203278279064836e-03 -7.108853257774010084e-04 -5.184957306861566993e-03 -5.078482591434403670e-03 1.340767145739235611e-02 9.114100547007640768e-04 5.912549190296969605e-03 7.095131595921381866e-03 1.503051721242999392e-03 2.793222146625054156e-04 3.742957409353716441e-05 -3.837134702419898688e-04 -1.346114828707658357e-04 -1.664155353021227763e-04
3.172079336665794247e-06 4.581203815184749998e-06 2.344765216925518605e-06 5.026390485141207762e-07 7.379515542709874784e-08 1.068233269025279993e-06 2.807831225412620361e-06 -1.584775224209140872e-06 -3.252568347504658895e-07 7.681523829068931274e-08 4.009365950282617330e-03 1.107602533079170173e-04 -6.843402137875044880e-04 -4.863690759465586714e-04 3.604491638080825405e-05 -1.335397487373678194e-03 -2.641294519349660259e-03 -6.997702231294951683e-03 9.733111215188388612e-04 1.619481927921185291e-03 1.777887858166312882e-03 -4.022769337151472363e-03 2.793222146625054698e-04 8.779090260071610108e-04 6.481516730939601480e-05 7.300050013162315624e-04 9.573147988585609157e-05 -5.905431622557756697e-04
-1.601908194684327637e-05 8.667080421646649108e-06 -8.689980868661633816e-06 5.844637030501550849e-06 -5.861374088790883935e-08 -1.709105271394771597e-06 6.989555407960179274e-06 -1.529454779691940049e-06 3.875492062883549807e-07 3.782124041150312385e-07 -1.032536281658972058e-02 -6.354677627380183810e-04 4.763422381498745584e-03 -3.173384247386365747e-03 8.662079531466871697e-05 -1.243082156145211949e-03 1.534833041294314309e-03 1.238901078618178525e-02 1.552988044499001210e-03 -2.520599506633571570e-03 1.046431332520457360e-03 1.752292446046756214e-02 3.742957409353716441e-05 6.481516730939601480e-05 6.980762790139761510e-03 -2.854681090660260521e-04 7.656280573111058077e-04 3.713633230039773726e-03
-8.057193107339302553e-07 -2.438390467896621455e-05 7.917931572384410445e-06 -1.201281055418027609e-05 -1.735030325176584671e-07 4.686343945659906413e-06 -8.691711080581502200e-06 -6.083207087350319727e-06 -1.535506415289702403e-07 1.920406103161170703e-07 1.008992444120991594e-02 1.703313809804398967e-04 -2.572888402921601745e-04 -5.914342173832309391e-04 -2.176397514147499423e-04 1.992368458701949258e-03 1.197248728093561719e-03 -8.231844516109587673e-03 3.410029264920232117e-02 1.232642600934506305e-03 -1.640721475843899373e-03 -1.297540047413939072e-02 -3.837134702419899230e-04 7.300050013162315624e-04 -2.854681090660260521e-04 2.916152031522361524e-03 5.181299098001157641e-04 -9.621069855544221510e-04
-1.373705350600690062e-05 -4.457294569187650589e-05 -9.383303420755352568e-07 -5.183915912764738165e-08 -4.022373946897548145e-07 1.095659989279965107e-06 -1.448158134115528438e-05 -6.023427082270446173e-06 -6.090222302573389586e-07 -1.850354811935214772e-06 -2.485490145738485004e-03 1.011473336029645201e-04 -4.680703874167118934e-04 1.119784774893918967e-03 1.821760582045901669e-03 3.131523973375239991e-03 -2.737681996058241585e-03 -1.535388437071479560e-02 2.857165331874397460e-02 1.681305934093169259e-03 7.207150524168832312e-03 9.440907736172114706e-03 -1.346114828707658357e-04 9.573147988585609157e-05 7.656280573111058077e-04 5.181299098001157641e-04 6.634117905952879694e-03 8.294069955782938305e-03
-9.874744537349542978e-05 -2.189373229920689508e-05 -2.445952910777403734e-05 2.847799450452385885e-06 -2.434099351607813895e-06 2.879934608884241749e-06 -1.184394913239127093e-05 1.692789799503601392e-06 2.699214448749383842e-06 3.557927098093348641e-06 2.341923989289725408e-02 2.787821282687344242e-03 -8.836433473212598755e-03 -3.069556917778362617e-03 2.022410079578006517e-02 2.785556755620314726e-02 1.455173272749693894e-02 1.445671762084734836e-02 3.028576843465046742e-01 5.614217082187256819e-02 6.808984185901861830e-02 -2.458599373232938159e-02 -1.664155353021227492e-04 -5.905431622557756697e-04 3.713633230039773726e-03 -9.621069855544221510e-04 8.294069955782938305e-03 7.261748869857670430e-02
